source,sumlevel,geoid,name,st,cnty,T14B_est1,T14B_est2,T14B_est3,T14B_est4,T14B_est5,T14B_est6,T14B_est7,T14B_est8,T14B_est9,T14B_est10,T14B_est11,T14B_est12,T14B_est13,T14B_est14,T14B_est15,T14B_est16,T14B_est17,T14B_est18,T14B_est19,T14B_moe1,T14B_moe2,T14B_moe3,T14B_moe4,T14B_moe5,T14B_moe6,T14B_moe7,T14B_moe8,T14B_moe9,T14B_moe10,T14B_moe11,T14B_moe12,T14B_moe13,T14B_moe14,T14B_moe15,T14B_moe16,T14B_moe17,T14B_moe18,T14B_moe19
2012thru2016,050,05000US01001,"Autauga County, Alabama",01,001,255,4,250,10,0,10,0,35,0,4,30,95,0,70,25,105,0,75,30,169,4,169,23,27,23,27,39,27,12,36,120,27,108,42,104,27,117,46
2012thru2016,050,05000US01003,"Baldwin County, Alabama",01,003,11905,285,11620,905,40,235,625,3280,200,1745,1335,2705,210,1480,1015,4730,615,2435,1680,889,158,882,251,42,130,207,558,124,395,329,424,127,367,255,636,193,476,303
2012thru2016,050,05000US01005,"Barbour County, Alabama",01,005,380,20,360,150,25,60,65,160,10,125,25,50,25,0,25,0,0,0,0,136,23,134,84,39,54,51,92,13,84,36,48,38,21,30,21,21,21,21
2012thru2016,050,05000US01007,"Bibb County, Alabama",01,007,0,0,0,0,0,0,0,0,0,0,0,0,0,0,0,0,0,0,0,0,21,0,0,21,0,21,0,0,21,21,21,21,21,21,21,21,21,21
2012thru2016,050,05000US01009,"Blount County, Alabama",01,009,415,20,395,275,0,105,165,110,10,75,25,4,0,0,4,10,0,10,0,129,21,128,125,27,70,107,71,13,66,30,7,27,27,7,16,27,16,27
2012thru2016,050,05000US01011,"Bullock County, Alabama",01,011,25,15,10,0,0,0,0,10,0,10,0,0,0,0,0,0,0,0,0,25,18,19,18,18,18,18,19,18,19,18,18,18,18,18,18,18,18,18
2012thru2016,050,05000US01013,"Butler County, Alabama",01,013,220,55,170,30,4,25,0,115,20,30,65,25,15,10,0,0,0,0,0,86,48,79,25,13,24,21,72,31,33,55,29,29,13,21,21,21,21,21
2012thru2016,050,05000US01015,"Calhoun County, Alabama",01,015,660,105,555,65,0,20,40,410,70,255,85,75,0,45,30,4,4,0,0,214,89,195,58,27,37,47,149,58,142,64,69,27,51,46,10,10,27,27
2012thru2016,050,05000US01017,"Chambers County, Alabama",01,017,420,130,285,45,20,0,30,20,0,0,20,140,40,75,30,80,0,40,40,156,77,135,55,33,24,45,34,24,24,34,111,62,70,47,89,24,64,63
2012thru2016,050,05000US01019,"Cherokee County, Alabama",01,019,360,80,280,140,0,90,50,95,0,25,70,15,0,15,0,30,0,30,0,164,80,150,89,21,71,56,106,21,41,99,24,21,24,21,45,21,45,21
2012thru2016,050,05000US01021,"Chilton County, Alabama",01,021,415,0,415,125,0,35,95,200,0,70,130,90,4,0,85,0,0,0,0,199,24,199,98,24,44,87,131,24,87,106,92,10,24,94,24,24,24,24
2012thru2016,050,05000US01023,"Choctaw County, Alabama",01,023,0,0,0,0,0,0,0,0,0,0,0,0,0,0,0,0,0,0,0,0,18,0,18,18,18,18,0,0,18,18,18,18,18,18,18,18,18,18
2012thru2016,050,05000US01025,"Clarke County, Alabama",01,025,120,20,95,45,0,4,40,45,0,20,25,4,0,0,4,0,0,0,0,77,40,65,37,21,4,35,54,21,37,43,10,21,21,10,21,21,21,21
2012thru2016,050,05000US01027,"Clay County, Alabama",01,027,0,0,0,0,0,0,0,0,0,0,0,0,0,0,0,0,0,0,0,0,18,0,0,18,18,0,0,18,0,18,18,18,18,18,18,18,18,18
2012thru2016,050,05000US01029,"Cleburne County, Alabama",01,029,45,4,40,0,0,0,0,40,10,10,20,0,0,0,0,0,0,0,0,40,3,40,18,18,18,18,40,14,17,34,18,18,18,18,18,18,18,18
2012thru2016,050,05000US01031,"Coffee County, Alabama",01,031,815,220,595,130,40,65,20,270,55,125,95,180,0,30,150,15,10,4,0,216,145,165,74,45,58,24,142,65,102,90,128,27,46,121,17,13,10,27
2012thru2016,050,05000US01033,"Colbert County, Alabama",01,033,615,265,350,165,35,115,10,130,30,105,0,20,20,0,0,40,0,0,40,180,117,151,103,49,90,16,96,45,83,27,33,33,27,27,59,27,27,59
2012thru2016,050,05000US01035,"Conecuh County, Alabama",01,035,0,0,0,0,0,0,0,0,0,0,0,0,0,0,0,0,0,0,0,0,18,0,0,18,18,0,0,0,18,18,18,18,18,18,18,18,18,18
2012thru2016,050,05000US01037,"Coosa County, Alabama",01,037,105,35,70,30,0,25,4,40,0,40,0,0,0,0,0,0,0,0,0,70,46,51,35,18,34,8,36,18,36,18,18,18,18,18,18,18,18,18
2012thru2016,050,05000US01039,"Covington County, Alabama",01,039,420,105,315,105,0,75,30,190,70,45,75,20,20,0,0,0,0,0,0,106,68,96,53,24,38,37,77,53,40,55,32,32,24,24,24,24,24,24
2012thru2016,050,05000US01041,"Crenshaw County, Alabama",01,041,85,40,45,25,0,15,10,20,0,10,10,0,0,0,0,0,0,0,0,42,36,28,23,18,19,14,15,18,12,10,18,18,18,18,18,18,18,18
2012thru2016,050,05000US01043,"Cullman County, Alabama",01,043,685,40,645,115,0,105,10,380,190,130,60,70,20,30,20,75,25,0,55,256,35,251,76,27,72,20,203,132,95,81,60,37,43,29,91,38,27,86
2012thru2016,050,05000US01045,"Dale County, Alabama",01,045,670,115,555,225,0,125,100,210,0,110,105,55,0,0,55,60,35,0,25,196,72,177,120,24,73,89,104,24,77,74,56,24,24,56,67,57,24,41
2012thru2016,050,05000US01047,"Dallas County, Alabama",01,047,430,210,220,105,20,55,30,45,0,20,25,70,0,35,35,0,0,0,0,131,91,105,76,35,59,40,51,24,34,40,57,24,42,43,24,24,24,24
2012thru2016,050,05000US01049,"DeKalb County, Alabama",01,049,1240,105,1130,575,10,195,375,555,45,235,275,0,0,0,0,0,0,0,0,279,76,260,186,14,107,156,210,54,120,166,27,27,27,27,27,27,27,27
2012thru2016,050,05000US01051,"Elmore County, Alabama",01,051,430,10,420,55,0,0,55,145,0,45,100,120,0,80,40,105,0,0,105,193,15,193,69,27,27,69,118,27,69,101,104,27,82,63,78,27,27,78
2012thru2016,050,05000US01053,"Escambia County, Alabama",01,053,305,15,290,155,0,70,85,135,15,95,25,0,0,0,0,0,0,0,0,137,25,136,104,24,59,88,93,27,83,38,24,24,24,24,24,24,24,24
2012thru2016,050,05000US01055,"Etowah County, Alabama",01,055,820,130,685,105,15,20,70,390,100,115,175,160,50,100,15,30,0,0,30,258,93,230,78,20,38,71,159,63,91,110,99,54,82,23,44,27,27,44
2012thru2016,050,05000US01057,"Fayette County, Alabama",01,057,0,0,0,0,0,0,0,0,0,0,0,0,0,0,0,0,0,0,0,0,0,18,18,18,18,18,18,18,18,18,18,18,18,18,18,18,18,18
2012thru2016,050,05000US01059,"Franklin County, Alabama",01,059,405,85,320,120,0,0,120,200,50,90,60,0,0,0,0,0,0,0,0,158,79,149,109,24,24,109,111,42,77,89,24,24,24,24,24,24,24,24
2012thru2016,050,05000US01061,"Geneva County, Alabama",01,061,155,45,110,45,0,15,35,65,0,30,35,0,0,0,0,0,0,0,0,77,55,59,42,21,24,34,48,21,33,35,21,21,21,21,21,21,21,21
2012thru2016,050,05000US01063,"Greene County, Alabama",01,063,80,0,80,60,0,4,55,4,0,4,0,10,0,0,10,0,0,0,0,67,16,67,59,16,14,59,15,16,15,16,21,16,16,21,16,16,16,16
2012thru2016,050,05000US01065,"Hale County, Alabama",01,065,30,15,15,15,0,0,15,0,0,0,0,0,0,0,0,0,0,0,0,30,23,21,21,18,18,21,18,18,18,18,18,18,18,18,18,18,18,18
2012thru2016,050,05000US01067,"Henry County, Alabama",01,067,235,75,155,95,0,25,70,15,0,0,15,40,0,40,0,4,4,0,0,115,64,91,64,18,30,55,24,18,18,24,60,18,60,18,18,18,18,18
2012thru2016,050,05000US01069,"Houston County, Alabama",01,069,1670,350,1320,220,15,105,100,705,90,380,235,315,55,95,165,80,0,4,75,187,95,161,55,18,45,44,130,37,97,74,76,30,35,57,70,27,10,69
2012thru2016,050,05000US01071,"Jackson County, Alabama",01,071,1085,260,825,355,20,85,250,295,30,140,125,165,95,60,10,4,0,0,4,339,188,244,162,27,47,152,134,45,95,76,95,71,59,12,8,27,27,8
2012thru2016,050,05000US01073,"Jefferson County, Alabama",01,073,9175,1560,7615,1215,225,680,310,3575,870,1850,855,2155,610,1180,365,670,385,220,65,756,286,669,230,111,177,99,408,226,334,186,439,230,283,166,211,162,142,46
2012thru2016,050,05000US01075,"Lamar County, Alabama",01,075,40,0,40,10,0,10,0,30,15,15,0,0,0,0,0,0,0,0,0,37,18,37,18,18,18,18,33,25,23,18,18,18,18,18,18,18,18,18
2012thru2016,050,05000US01077,"Lauderdale County, Alabama",01,077,1115,145,970,215,80,85,50,685,205,420,60,60,60,0,0,10,0,0,10,271,94,260,106,66,64,56,240,143,191,70,61,61,27,27,20,27,27,20
2012thru2016,050,05000US01079,"Lawrence County, Alabama",01,079,25,15,10,10,0,10,0,0,0,0,0,0,0,0,0,0,0,0,0,26,22,14,14,24,14,24,24,24,24,24,24,24,24,24,24,24,24,24
2012thru2016,050,05000US01081,"Lee County, Alabama",01,081,1485,255,1230,55,0,0,55,665,205,255,205,350,70,130,145,155,35,50,75,370,138,335,50,27,27,50,256,111,168,126,162,68,110,84,133,58,79,70
2012thru2016,050,05000US01083,"Limestone County, Alabama",01,083,600,50,550,350,0,135,215,120,0,60,60,80,0,0,80,0,0,0,0,217,54,231,192,27,106,154,111,27,71,83,92,27,27,92,27,27,27,27
2012thru2016,050,05000US01085,"Lowndes County, Alabama",01,085,75,10,65,45,10,20,20,20,0,0,20,0,0,0,0,0,0,0,0,50,14,48,37,13,29,23,29,18,18,29,18,18,18,18,18,18,18,18
2012thru2016,050,05000US01087,"Macon County, Alabama",01,087,305,115,190,70,0,55,15,110,10,95,4,15,0,0,15,0,0,0,0,89,51,72,54,18,51,17,45,16,47,18,23,18,18,23,18,18,18,18
2012thru2016,050,05000US01089,"Madison County, Alabama",01,089,4050,570,3480,945,405,330,210,1900,610,885,410,540,255,170,120,90,45,45,0,565,239,509,242,140,163,117,391,189,291,137,219,182,112,86,89,70,54,27
2012thru2016,050,05000US01091,"Marengo County, Alabama",01,091,0,0,0,0,0,0,0,0,0,0,0,0,0,0,0,0,0,0,0,0,21,0,21,21,21,21,0,0,21,21,0,0,21,21,21,21,21,21
2012thru2016,050,05000US01093,"Marion County, Alabama",01,093,270,0,270,85,55,4,30,180,40,100,40,0,0,0,0,0,0,0,0,139,24,139,81,64,5,52,110,47,78,66,24,24,24,24,24,24,24,24
2012thru2016,050,05000US01095,"Marshall County, Alabama",01,095,520,20,500,165,20,50,90,310,55,170,85,25,0,25,4,0,0,0,0,160,17,160,96,18,49,83,134,55,101,82,22,27,22,4,27,27,27,27
2012thru2016,050,05000US01097,"Mobile County, Alabama",01,097,7240,955,6285,765,140,340,280,2505,470,950,1085,2550,880,1180,490,465,170,145,150,601,223,566,200,91,109,158,406,168,214,247,354,211,309,147,205,121,127,98
2012thru2016,050,05000US01099,"Monroe County, Alabama",01,099,40,0,40,0,0,0,0,35,0,0,35,4,0,0,4,0,0,0,0,39,21,39,21,21,21,21,40,21,21,40,21,21,21,21,21,21,21,21
2012thru2016,050,05000US01101,"Montgomery County, Alabama",01,101,2880,755,2125,315,90,110,115,1135,295,675,165,565,170,250,145,110,50,0,60,421,230,358,132,69,73,75,274,141,235,111,188,121,115,78,81,58,27,55
2012thru2016,050,05000US01103,"Morgan County, Alabama",01,103,940,60,880,120,55,0,65,640,210,360,70,120,50,50,25,0,0,0,0,250,54,259,108,83,27,74,207,138,165,61,116,78,80,36,27,27,27,27
2012thru2016,050,05000US01105,"Perry County, Alabama",01,105,0,0,0,0,0,0,0,0,0,0,0,0,0,0,0,0,0,0,0,0,16,0,0,16,16,0,16,16,16,16,16,16,16,16,16,16,16,16
2012thru2016,050,05000US01107,"Pickens County, Alabama",01,107,85,4,80,35,4,4,25,45,15,4,25,0,0,0,0,0,0,0,0,49,10,47,33,21,3,30,38,26,14,34,21,21,21,21,21,21,21,21
2012thru2016,050,05000US01109,"Pike County, Alabama",01,109,630,125,505,80,0,4,75,240,135,55,50,135,55,80,0,50,0,0,50,230,101,193,43,24,15,42,119,105,54,38,119,89,73,24,79,24,24,79
2012thru2016,050,05000US01111,"Randolph County, Alabama",01,111,160,25,135,30,30,0,0,95,90,0,10,4,4,0,0,0,0,0,0,114,42,107,44,44,21,21,93,92,21,13,14,14,21,21,21,21,21,21
2012thru2016,050,05000US01113,"Russell County, Alabama",01,113,1275,285,990,105,10,35,55,480,20,310,150,325,150,170,0,80,0,40,40,299,122,251,75,20,60,49,173,32,175,107,161,116,97,27,84,27,64,59
2012thru2016,050,05000US01115,"St. Clair County, Alabama",01,115,415,0,415,265,0,70,200,135,0,70,65,10,0,10,0,0,0,0,0,172,27,172,133,27,63,125,104,27,76,74,20,27,20,27,27,27,27,27
2012thru2016,050,05000US01117,"Shelby County, Alabama",01,117,1475,110,1365,205,35,45,125,310,60,105,140,730,215,305,210,120,0,55,65,329,104,328,126,44,73,103,138,40,96,78,235,151,144,119,98,27,62,79
2012thru2016,050,05000US01119,"Sumter County, Alabama",01,119,95,0,95,15,0,15,0,65,50,15,0,20,20,0,0,0,0,0,0,68,18,68,22,18,22,18,62,55,24,18,35,35,18,18,18,18,18,18
2012thru2016,050,05000US01121,"Talladega County, Alabama",01,121,735,95,635,125,20,40,65,405,85,315,4,110,0,25,85,0,0,0,0,231,78,226,96,24,47,80,177,75,170,10,80,27,40,71,27,27,27,27
2012thru2016,050,05000US01123,"Tallapoosa County, Alabama",01,123,225,60,170,80,0,0,80,55,0,30,25,30,10,25,0,0,0,0,0,138,58,121,78,24,24,78,61,24,48,39,42,14,40,24,24,24,24,24
2012thru2016,050,05000US01125,"Tuscaloosa County, Alabama",01,125,1715,315,1405,175,35,110,30,450,60,270,120,690,185,350,155,90,20,10,60,365,170,321,96,33,89,39,173,57,154,90,240,115,145,131,66,38,13,57
2012thru2016,050,05000US01127,"Walker County, Alabama",01,127,105,30,70,20,0,20,0,45,0,0,45,4,0,4,0,0,0,0,0,96,41,76,29,27,29,27,72,27,27,72,14,27,14,27,27,27,27,27
2012thru2016,050,05000US01129,"Washington County, Alabama",01,129,0,0,0,0,0,0,0,0,0,0,0,0,0,0,0,0,0,0,0,0,0,0,0,0,18,18,18,18,18,18,18,18,18,18,18,18,18,18
2012thru2016,050,05000US01131,"Wilcox County, Alabama",01,131,0,0,0,0,0,0,0,0,0,0,0,0,0,0,0,0,0,0,0,0,18,0,0,18,0,18,18,18,18,18,18,18,18,18,18,18,18,18
2012thru2016,050,05000US01133,"Winston County, Alabama",01,133,75,0,75,45,0,45,0,20,0,20,0,10,0,10,0,0,0,0,0,63,21,63,52,21,52,21,37,21,37,21,15,21,15,21,21,21,21,21
2012thru2016,050,05000US02013,"Aleutians East Borough, Alaska",02,013,25,0,25,4,0,0,4,10,0,4,4,10,4,4,0,4,0,0,4,8,9,8,9,9,9,9,15,9,9,9,8,9,14,9,3,9,9,3
2012thru2016,050,05000US02016,"Aleutians West Census Area, Alaska",02,016,35,0,35,15,4,10,4,10,4,4,4,4,0,4,4,4,0,4,4,9,12,9,8,3,13,8,12,12,12,1,3,12,12,12,9,12,2,12
2012thru2016,050,05000US02020,"Anchorage Municipality, Alaska",02,020,2135,105,2030,135,80,25,30,590,175,245,170,990,285,385,325,315,100,140,75,414,88,410,124,107,41,44,189,106,142,116,301,146,216,148,152,98,113,68
2012thru2016,050,05000US02050,"Bethel Census Area, Alaska",02,050,70,4,65,20,4,4,15,4,0,0,4,25,20,4,4,20,20,0,0,30,2,29,18,1,14,18,14,14,14,14,20,20,14,4,23,23,14,14
2012thru2016,050,05000US02060,"Bristol Bay Borough, Alaska",02,060,40,4,40,4,4,0,0,20,10,4,4,10,4,4,4,4,0,0,4,12,3,16,3,3,9,9,10,10,9,14,10,9,3,9,3,9,9,3
2012thru2016,050,05000US02068,"Denali Borough, Alaska",02,068,10,4,4,4,0,4,0,0,0,0,0,4,4,0,0,0,0,0,0,11,1,12,4,9,4,9,9,9,9,9,10,10,9,9,9,9,9,9
2012thru2016,050,05000US02070,"Dillingham Census Area, Alaska",02,070,35,4,35,4,4,4,0,4,0,4,0,20,4,4,10,4,4,0,0,16,4,15,2,9,9,9,9,9,9,9,14,9,9,12,9,9,9,9
2012thru2016,050,05000US02090,"Fairbanks North Star Borough, Alaska",02,090,1325,85,1240,50,0,50,0,90,55,35,0,745,215,240,290,355,15,85,250,276,88,263,80,20,80,20,64,53,40,20,225,125,125,184,145,26,67,125
2012thru2016,050,05000US02100,"Haines Borough, Alaska",02,100,20,10,15,0,0,0,0,10,4,0,4,4,0,4,0,4,0,4,4,21,13,13,9,9,9,9,13,6,9,21,4,9,4,9,9,9,4,5
2012thru2016,050,05000US02105,"Hoonah-Angoon Census Area, Alaska",02,105,30,10,20,10,4,4,4,4,4,0,4,4,4,0,0,4,4,0,0,15,11,14,11,11,5,5,9,3,9,3,9,9,9,9,8,8,9,9
2012thru2016,050,05000US02110,"Juneau City and Borough, Alaska",02,110,205,0,205,30,0,30,0,95,30,20,50,15,4,10,4,65,60,4,0,94,18,94,44,18,44,18,70,44,15,53,12,18,11,18,64,63,9,18
2012thru2016,050,05000US02122,"Kenai Peninsula Borough, Alaska",02,122,585,40,545,50,25,10,15,195,35,90,65,265,100,140,25,40,20,10,4,132,24,132,29,26,15,14,65,16,50,41,101,49,73,25,32,23,21,20
2012thru2016,050,05000US02130,"Ketchikan Gateway Borough, Alaska",02,130,165,15,150,25,10,4,10,45,15,25,4,55,15,30,10,25,4,10,10,45,12,45,16,12,10,13,26,15,17,7,29,15,18,16,20,13,13,14
2012thru2016,050,05000US02150,"Kodiak Island Borough, Alaska",02,150,30,0,30,0,0,0,0,4,0,4,4,15,0,0,15,15,10,4,0,24,14,24,14,14,14,14,1,14,4,5,19,14,14,19,14,14,1,14
2012thru2016,050,05000US02158,"Kusilvak Census Area, Alaska",02,158,10,4,4,4,4,0,4,0,0,0,0,0,0,0,0,0,0,0,0,13,12,12,12,3,12,12,12,12,12,12,12,12,12,12,12,12,12,12
2012thru2016,050,05000US02164,"Lake and Peninsula Borough, Alaska",02,164,35,4,30,10,4,4,4,15,4,4,4,4,4,0,4,4,4,0,0,11,9,11,7,4,9,9,9,9,15,9,9,4,9,9,2,2,9,9
2012thru2016,050,05000US02170,"Matanuska-Susitna Borough, Alaska",02,170,435,50,385,20,0,10,10,160,40,100,25,200,90,40,75,4,4,0,0,95,29,87,18,20,14,13,49,25,40,19,62,39,29,33,7,7,20,20
2012thru2016,050,05000US02180,"Nome Census Area, Alaska",02,180,60,4,50,4,4,4,4,10,4,4,4,25,10,10,4,15,10,4,0,21,6,20,10,3,12,1,10,12,1,8,16,12,13,12,14,11,4,12
2012thru2016,050,05000US02185,"North Slope Borough, Alaska",02,185,65,0,65,15,4,4,10,10,4,0,4,30,4,10,15,10,4,4,0,29,12,29,13,4,9,13,9,6,12,12,21,11,14,17,13,10,8,12
2012thru2016,050,05000US02188,"Northwest Arctic Borough, Alaska",02,188,45,10,35,4,0,4,4,0,0,0,0,4,4,0,0,25,4,15,4,19,9,19,6,12,12,4,12,12,12,12,13,13,12,12,17,14,14,4
2012thru2016,050,05000US02195,"Petersburg Borough, Alaska",02,195,35,4,25,10,4,4,4,4,4,4,4,10,0,4,4,4,4,0,4,13,11,11,19,5,9,5,12,9,4,9,5,9,9,7,1,4,9,1
2012thru2016,050,05000US02198,"Prince of Wales-Hyder Census Area, Alaska",02,198,75,0,75,20,10,4,4,40,20,4,15,15,4,10,0,4,4,0,0,30,12,30,11,9,9,12,22,14,3,19,10,7,11,12,12,12,12,12
2012thru2016,050,05000US02220,"Sitka City and Borough, Alaska",02,220,105,4,100,0,0,0,0,45,15,20,10,50,40,10,0,4,0,4,0,55,12,57,12,12,12,12,32,12,27,13,48,48,13,12,12,12,12,12
2012thru2016,050,05000US02230,"Skagway Municipality, Alaska",02,230,15,4,10,0,0,0,0,4,0,4,0,4,0,0,4,10,4,4,4,12,3,8,9,9,9,9,1,9,1,9,3,9,9,3,17,9,2,2
2012thru2016,050,05000US02240,"Southeast Fairbanks Census Area, Alaska",02,240,210,30,175,15,4,4,10,45,4,10,30,90,20,30,45,25,4,0,20,47,16,45,17,10,4,13,23,3,10,21,37,17,28,26,20,12,12,21
2012thru2016,050,05000US02261,"Valdez-Cordova Census Area, Alaska",02,261,160,15,145,50,4,30,15,80,35,40,10,15,4,4,4,4,4,0,0,62,13,60,33,12,37,24,46,34,35,9,10,8,2,12,5,5,12,12
2012thru2016,050,05000US02275,"Wrangell City and Borough, Alaska",02,275,40,4,35,4,4,4,4,30,10,20,0,0,0,0,0,0,0,0,0,21,1,18,3,4,4,4,17,9,13,9,9,9,9,9,9,9,9,9
2012thru2016,050,05000US02282,"Yakutat City and Borough, Alaska",02,282,15,0,15,4,0,0,4,4,0,4,0,4,4,0,0,0,0,0,0,14,9,14,9,9,9,9,3,9,3,9,9,9,9,9,9,9,9,9
2012thru2016,050,05000US02290,"Yukon-Koyukuk Census Area, Alaska",02,290,55,30,25,10,4,4,4,4,4,4,4,10,4,4,0,0,0,0,0,16,11,10,8,4,12,2,12,1,12,3,14,12,12,12,12,12,12,12
2012thru2016,050,05000US04001,"Apache County, Arizona",04,001,570,30,545,240,45,75,120,160,25,95,35,120,4,60,55,20,15,0,10,102,18,108,57,19,26,47,65,26,53,21,60,16,49,35,20,18,28,14
2012thru2016,050,05000US04003,"Cochise County, Arizona",04,003,2740,360,2380,145,20,95,30,955,455,245,255,1060,435,370,255,220,85,30,105,387,156,350,93,34,80,38,258,175,140,118,289,169,156,154,118,66,23,101
2012thru2016,050,05000US04005,"Coconino County, Arizona",04,005,1380,25,1355,240,75,35,135,310,110,95,105,590,295,220,75,215,60,40,115,301,36,306,132,68,38,116,147,87,83,84,231,162,151,50,133,64,45,111
2012thru2016,050,05000US04007,"Gila County, Arizona",04,007,215,0,215,0,0,0,0,50,0,25,25,150,50,100,0,15,0,15,0,128,28,128,28,28,28,28,57,28,41,40,116,82,82,28,32,28,32,28
2012thru2016,050,05000US04009,"Graham County, Arizona",04,009,340,55,290,30,0,0,30,95,20,50,25,165,45,50,65,0,0,0,0,149,49,138,44,25,25,44,69,23,59,25,97,53,56,65,25,25,25,25
2012thru2016,050,05000US04011,"Greenlee County, Arizona",04,011,160,45,120,95,35,15,45,20,4,0,20,4,4,0,0,0,0,0,0,61,34,55,50,34,20,35,18,4,17,21,12,12,17,17,17,17,17,17
2012thru2016,050,05000US04012,"La Paz County, Arizona",04,012,275,60,215,70,0,0,70,45,35,10,0,45,15,10,20,55,20,35,0,139,36,134,115,22,22,115,43,42,13,22,35,15,17,31,50,35,39,22
2012thru2016,050,05000US04013,"Maricopa County, Arizona",04,013,50090,2715,47375,1695,410,635,655,17500,7055,7525,2920,20710,7055,8095,5555,7470,3275,2315,1880,1903,361,1847,304,147,179,163,1091,684,689,411,1258,804,805,535,784,479,473,406
2012thru2016,050,05000US04015,"Mohave County, Arizona",04,015,2275,390,1885,50,0,45,4,580,125,275,175,935,245,430,260,325,75,180,65,411,156,382,63,28,63,16,217,95,126,130,261,148,184,148,148,69,113,85
2012thru2016,050,05000US04017,"Navajo County, Arizona",04,017,660,40,625,175,30,110,35,65,10,45,10,290,35,145,115,90,45,25,20,207,30,199,92,19,86,19,40,12,38,12,149,42,113,90,71,51,38,35
2012thru2016,050,05000US04019,"Pima County, Arizona",04,019,13230,605,12625,685,280,305,100,5305,2795,1935,575,5150,1515,2200,1435,1485,705,335,445,955,196,923,229,132,166,72,612,453,361,218,560,351,381,314,348,255,165,201
2012thru2016,050,05000US04021,"Pinal County, Arizona",04,021,2935,410,2520,400,90,110,200,1460,275,395,790,560,65,145,350,100,30,50,25,431,144,410,147,88,64,117,320,114,169,264,257,72,122,182,83,45,56,41
2012thru2016,050,05000US04023,"Santa Cruz County, Arizona",04,023,485,90,395,110,30,50,25,185,75,70,45,60,20,10,35,40,10,25,10,161,73,137,84,50,58,38,74,54,51,39,66,34,13,42,42,13,38,13
2012thru2016,050,05000US04025,"Yavapai County, Arizona",04,025,2150,240,1910,180,90,25,65,460,125,225,110,890,60,445,390,375,70,65,240,425,215,358,126,104,39,58,202,100,138,94,278,56,199,210,222,82,63,202
2012thru2016,050,05000US04027,"Yuma County, Arizona",04,027,2165,275,1890,55,25,0,30,410,195,140,75,1060,270,295,495,360,115,30,215,369,153,343,60,40,28,47,147,97,82,53,278,127,115,211,163,91,31,116
2012thru2016,050,05000US05001,"Arkansas County, Arkansas",05,001,335,115,220,4,0,4,0,140,35,50,55,75,25,25,25,0,0,0,0,146,84,117,11,18,11,18,96,49,56,66,66,41,30,41,18,18,18,18
2012thru2016,050,05000US05003,"Ashley County, Arkansas",05,003,360,255,110,15,0,10,4,90,0,40,45,4,4,0,0,0,0,0,0,175,151,93,18,21,17,3,91,21,58,68,10,10,21,21,21,21,21,21
2012thru2016,050,05000US05005,"Baxter County, Arkansas",05,005,490,150,345,15,0,0,15,80,0,70,10,120,60,10,50,130,0,130,0,206,125,172,24,24,24,24,82,24,79,15,104,70,15,78,113,24,113,24
2012thru2016,050,05000US05007,"Benton County, Arkansas",05,007,1030,135,895,145,30,90,25,440,145,245,50,245,20,155,70,60,4,55,0,203,75,204,91,44,72,40,147,91,117,55,119,38,100,72,75,10,74,27
2012thru2016,050,05000US05009,"Boone County, Arkansas",05,009,250,45,205,75,25,35,10,100,70,30,0,30,0,0,30,0,0,0,0,112,58,101,68,43,56,17,78,65,45,24,53,24,24,53,24,24,24,24
2012thru2016,050,05000US05011,"Bradley County, Arkansas",05,011,220,35,185,60,10,4,45,90,20,40,30,30,30,0,0,4,4,4,0,90,37,85,42,15,18,42,68,16,43,51,39,39,18,18,11,3,18,18
2012thru2016,050,05000US05013,"Calhoun County, Arkansas",05,013,70,15,55,25,10,0,15,10,0,10,0,15,15,0,0,0,0,0,0,44,22,39,24,14,16,21,20,16,20,16,26,26,16,16,16,16,16,16
2012thru2016,050,05000US05015,"Carroll County, Arkansas",05,015,350,80,265,105,0,0,105,75,0,45,25,55,45,15,0,30,15,0,15,163,63,148,115,21,21,115,55,21,45,33,46,41,23,21,35,27,21,25
2012thru2016,050,05000US05017,"Chicot County, Arkansas",05,017,195,90,110,50,0,35,15,30,0,15,15,15,15,0,0,15,15,0,0,74,53,63,43,18,39,22,36,18,28,25,23,23,18,18,23,23,18,18
2012thru2016,050,05000US05019,"Clark County, Arkansas",05,019,205,90,115,50,0,50,0,65,0,35,30,0,0,0,0,0,0,0,0,106,75,80,47,21,47,21,65,21,56,35,21,21,21,21,21,21,21,21
2012thru2016,050,05000US05021,"Clay County, Arkansas",05,021,225,45,180,65,15,40,15,80,25,55,0,35,35,0,0,0,0,0,0,122,52,106,60,24,55,21,71,41,61,18,55,55,18,18,18,18,18,18
2012thru2016,050,05000US05023,"Cleburne County, Arkansas",05,023,140,25,115,55,55,0,0,55,0,20,35,4,0,4,0,0,0,0,0,103,39,93,83,83,21,21,50,21,41,41,10,21,10,21,21,21,21,21
2012thru2016,050,05000US05025,"Cleveland County, Arkansas",05,025,10,0,10,0,0,0,0,10,4,4,4,0,0,0,0,0,0,0,0,16,16,16,16,16,16,16,16,10,16,16,16,16,16,16,16,16,16,16
2012thru2016,050,05000US05027,"Columbia County, Arkansas",05,027,220,105,115,25,15,10,0,40,35,4,0,45,45,0,0,0,0,0,0,120,94,93,24,19,14,21,46,44,7,21,76,76,21,21,21,21,21,21
2012thru2016,050,05000US05029,"Conway County, Arkansas",05,029,130,0,130,35,30,4,0,65,35,0,30,0,0,0,0,30,30,0,0,82,21,82,44,43,9,21,63,54,21,34,21,21,21,21,49,49,21,21
2012thru2016,050,05000US05031,"Craighead County, Arkansas",05,031,1190,20,1175,130,0,10,120,445,90,280,75,470,70,325,75,130,0,75,55,238,23,237,96,27,15,96,163,68,144,59,189,84,187,68,116,27,88,73
2012thru2016,050,05000US05033,"Crawford County, Arkansas",05,033,590,55,535,105,35,10,60,305,90,145,70,125,30,80,20,0,0,0,0,185,52,168,72,42,16,53,136,89,78,66,106,44,91,32,27,27,27,27
2012thru2016,050,05000US05035,"Crittenden County, Arkansas",05,035,1120,285,835,325,35,130,160,425,40,275,110,90,30,0,60,0,0,0,0,209,93,185,113,44,67,78,149,35,122,83,66,47,24,47,24,24,24,24
2012thru2016,050,05000US05037,"Cross County, Arkansas",05,037,410,210,200,100,40,45,15,95,10,30,60,4,0,4,0,0,0,0,0,138,101,116,84,60,50,24,84,15,45,68,10,18,10,18,18,18,18,18
2012thru2016,050,05000US05039,"Dallas County, Arkansas",05,039,95,25,70,4,0,0,4,60,40,0,25,0,0,0,0,0,0,0,0,73,42,59,10,16,16,10,58,48,16,36,16,16,16,16,16,16,16,16
2012thru2016,050,05000US05041,"Desha County, Arkansas",05,041,135,65,70,50,0,15,35,20,4,0,10,0,0,0,0,0,0,0,0,80,63,54,57,18,23,45,17,10,18,18,18,18,18,18,18,18,18,18
2012thru2016,050,05000US05043,"Drew County, Arkansas",05,043,335,90,245,65,35,0,30,125,40,35,50,60,0,60,0,0,0,0,0,143,65,134,72,57,18,44,86,46,43,70,66,18,66,18,18,18,18,18
2012thru2016,050,05000US05045,"Faulkner County, Arkansas",05,045,2305,60,2245,355,15,200,135,1560,340,945,280,285,0,225,60,45,0,20,25,447,61,442,157,29,121,90,341,201,264,154,153,27,147,56,45,27,31,38
2012thru2016,050,05000US05047,"Franklin County, Arkansas",05,047,105,0,105,90,4,55,35,0,0,0,0,15,15,0,0,0,0,0,0,73,18,73,70,6,76,52,18,18,18,18,24,24,18,18,18,18,18,18
2012thru2016,050,05000US05049,"Fulton County, Arkansas",05,049,90,10,80,60,15,45,0,20,0,10,10,0,0,0,0,0,0,0,0,60,15,62,62,16,59,18,22,18,14,14,18,18,18,18,18,18,18,18
2012thru2016,050,05000US05051,"Garland County, Arkansas",05,051,1625,265,1360,135,80,15,40,470,130,160,180,615,265,275,80,140,45,35,55,312,150,314,94,66,23,64,175,82,120,130,252,144,178,71,101,59,60,58
2012thru2016,050,05000US05053,"Grant County, Arkansas",05,053,50,10,40,0,0,0,0,40,0,40,0,0,0,0,0,0,0,0,0,67,13,64,18,18,18,18,64,18,64,18,18,18,18,18,18,18,18,18
2012thru2016,050,05000US05055,"Greene County, Arkansas",05,055,85,20,65,20,0,20,0,45,0,20,25,0,0,0,0,0,0,0,0,55,30,47,38,24,38,24,33,24,21,28,24,24,24,24,24,24,24,24
2012thru2016,050,05000US05057,"Hempstead County, Arkansas",05,057,455,150,305,160,50,0,115,140,25,95,25,0,0,0,0,0,0,0,0,183,103,169,140,77,21,118,103,39,94,38,21,21,21,21,21,21,21,21
2012thru2016,050,05000US05059,"Hot Spring County, Arkansas",05,059,175,70,105,0,0,0,0,35,0,35,0,70,0,70,0,0,0,0,0,112,77,92,24,24,24,24,51,24,51,24,76,24,76,24,24,24,24,24
2012thru2016,050,05000US05061,"Howard County, Arkansas",05,061,170,45,125,50,4,45,4,75,30,45,0,0,0,0,0,0,0,0,0,105,44,96,48,18,48,8,73,44,61,18,18,18,18,18,18,18,18,18
2012thru2016,050,05000US05063,"Independence County, Arkansas",05,063,310,15,295,35,0,35,0,125,4,95,25,135,45,35,55,0,0,0,0,145,20,143,47,24,47,24,77,4,67,36,98,69,47,74,24,24,24,24
2012thru2016,050,05000US05065,"Izard County, Arkansas",05,065,145,45,100,35,15,15,4,15,4,0,10,40,10,25,4,15,4,0,10,71,47,51,27,20,21,4,21,4,18,17,32,13,28,14,19,4,18,14
2012thru2016,050,05000US05067,"Jackson County, Arkansas",05,067,285,140,150,105,30,35,45,35,15,15,4,10,0,0,10,0,0,0,0,113,83,75,72,37,41,45,26,19,19,12,14,18,18,14,18,18,18,18
2012thru2016,050,05000US05069,"Jefferson County, Arkansas",05,069,900,305,600,100,20,20,60,325,175,140,10,145,55,80,4,30,30,0,0,205,116,162,60,33,33,45,124,87,89,23,92,52,69,16,43,43,27,27
2012thru2016,050,05000US05071,"Johnson County, Arkansas",05,071,165,45,120,40,35,0,4,40,10,30,0,35,4,25,4,0,0,0,0,77,45,61,40,40,21,9,43,14,41,21,39,4,39,14,21,21,21,21
2012thru2016,050,05000US05073,"Lafayette County, Arkansas",05,073,110,35,75,60,0,45,15,4,0,4,0,10,0,10,0,0,0,0,0,51,28,45,42,16,33,17,10,16,10,16,14,16,14,16,16,16,16,16
2012thru2016,050,05000US05075,"Lawrence County, Arkansas",05,075,150,45,105,45,4,40,0,35,35,0,0,20,20,0,0,0,0,0,0,89,50,68,42,10,40,18,35,35,18,18,37,37,18,18,18,18,18,18
2012thru2016,050,05000US05077,"Lee County, Arkansas",05,077,55,25,35,0,0,0,0,15,0,0,15,20,0,0,20,0,0,0,0,52,41,35,16,16,16,16,24,16,16,24,32,16,16,32,16,16,16,16
2012thru2016,050,05000US05079,"Lincoln County, Arkansas",05,079,50,4,40,4,0,4,0,30,4,20,0,4,0,4,0,0,0,0,0,40,13,37,15,18,15,18,36,11,32,18,11,18,11,18,18,18,18,18
2012thru2016,050,05000US05081,"Little River County, Arkansas",05,081,205,80,125,45,15,20,15,55,0,55,0,25,0,25,0,0,0,0,0,110,90,67,37,20,28,19,45,18,45,18,42,18,42,18,18,18,18,18
2012thru2016,050,05000US05083,"Logan County, Arkansas",05,083,75,4,70,30,0,0,30,40,10,30,0,0,0,0,0,0,0,0,0,62,10,61,40,21,21,40,50,15,52,21,21,21,21,21,21,21,21,21
2012thru2016,050,05000US05085,"Lonoke County, Arkansas",05,085,620,185,435,90,0,40,45,320,30,165,125,30,0,0,30,0,0,0,0,213,128,172,60,27,49,47,158,48,120,98,45,27,27,45,27,27,27,27
2012thru2016,050,05000US05087,"Madison County, Arkansas",05,087,110,15,95,70,0,25,45,25,25,0,0,0,0,0,0,0,0,0,0,57,28,53,52,18,28,40,29,29,18,18,18,18,18,18,18,18,18,18
2012thru2016,050,05000US05089,"Marion County, Arkansas",05,089,250,15,235,140,50,90,0,35,4,0,30,50,15,35,0,10,10,0,0,117,26,114,100,77,58,18,34,10,18,32,49,25,41,18,14,14,18,18
2012thru2016,050,05000US05091,"Miller County, Arkansas",05,091,630,60,565,140,0,65,75,300,110,165,25,105,20,85,4,25,0,0,25,173,55,154,92,24,53,77,102,57,80,39,73,33,67,2,40,24,24,40
2012thru2016,050,05000US05093,"Mississippi County, Arkansas",05,093,885,340,545,225,75,0,150,245,35,70,145,75,25,20,30,0,0,0,0,229,132,210,144,82,24,120,111,41,57,88,53,40,24,37,24,24,24,24
2012thru2016,050,05000US05095,"Monroe County, Arkansas",05,095,70,20,50,25,0,25,0,25,0,25,0,0,0,0,0,0,0,0,0,52,35,39,30,16,30,16,26,16,26,16,16,16,16,16,16,16,16,16
2012thru2016,050,05000US05097,"Montgomery County, Arkansas",05,097,50,15,35,30,0,30,0,0,0,0,0,4,4,0,0,0,0,0,0,43,23,38,40,16,40,16,16,16,16,16,6,6,16,16,16,16,16,16
2012thru2016,050,05000US05099,"Nevada County, Arkansas",05,099,0,0,0,0,0,0,0,0,0,0,0,0,0,0,0,0,0,0,0,0,16,0,16,16,16,16,16,16,16,16,0,0,16,16,16,16,16,16
2012thru2016,050,05000US05101,"Newton County, Arkansas",05,101,35,0,35,30,0,25,4,4,4,0,0,0,0,0,0,0,0,0,0,31,16,31,30,16,29,9,10,10,16,16,16,16,16,16,16,16,16,16
2012thru2016,050,05000US05103,"Ouachita County, Arkansas",05,103,245,25,220,60,15,45,0,160,0,115,45,0,0,0,0,0,0,0,0,135,36,132,55,29,47,21,133,21,107,71,21,21,21,21,21,21,21,21
2012thru2016,050,05000US05105,"Perry County, Arkansas",05,105,155,80,75,40,4,20,15,40,0,0,40,0,0,0,0,0,0,0,0,112,94,60,32,3,25,21,53,18,18,53,18,18,18,18,18,18,18,18
2012thru2016,050,05000US05107,"Phillips County, Arkansas",05,107,265,115,150,80,0,45,35,70,0,50,20,0,0,0,0,0,0,0,0,117,70,90,59,18,33,48,67,18,58,36,18,18,18,18,18,18,18,18
2012thru2016,050,05000US05109,"Pike County, Arkansas",05,109,75,40,35,10,0,0,10,20,20,4,0,0,0,0,0,0,0,0,0,37,29,29,17,18,18,17,27,25,4,18,18,18,18,18,18,18,18,18
2012thru2016,050,05000US05111,"Poinsett County, Arkansas",05,111,275,70,200,100,30,55,15,100,50,35,15,0,0,0,0,0,0,0,0,105,60,88,63,32,43,23,65,37,44,17,21,21,21,21,21,21,21,21
2012thru2016,050,05000US05113,"Polk County, Arkansas",05,113,110,55,55,10,10,0,0,20,20,0,4,10,10,0,0,10,10,0,0,63,48,37,20,20,21,21,29,32,21,2,15,15,21,21,15,15,21,21
2012thru2016,050,05000US05115,"Pope County, Arkansas",05,115,760,45,715,175,0,70,105,335,45,265,30,155,50,85,25,50,0,0,50,240,53,236,119,27,81,92,163,73,130,37,126,76,95,37,55,27,27,55
2012thru2016,050,05000US05117,"Prairie County, Arkansas",05,117,55,0,55,10,10,0,0,45,0,35,15,0,0,0,0,0,0,0,0,29,16,29,15,15,16,16,24,16,18,13,16,16,16,16,16,16,16,16
2012thru2016,050,05000US05119,"Pulaski County, Arkansas",05,119,11380,1595,9785,1050,280,515,250,5875,1775,3210,890,2415,510,1225,680,445,170,260,20,855,274,787,245,132,185,146,637,363,428,233,421,208,315,268,208,123,145,25
2012thru2016,050,05000US05121,"Randolph County, Arkansas",05,121,135,55,80,50,4,45,0,0,0,0,0,30,0,30,0,0,0,0,0,84,50,78,64,9,63,18,18,18,18,18,45,18,45,18,18,18,18,18
2012thru2016,050,05000US05123,"St. Francis County, Arkansas",05,123,370,95,275,40,15,0,25,215,15,105,95,20,20,0,0,0,0,0,0,119,57,118,36,18,21,32,105,24,72,75,32,32,21,21,21,21,21,21
2012thru2016,050,05000US05125,"Saline County, Arkansas",05,125,510,115,395,125,0,45,80,180,0,100,85,85,0,85,0,0,0,0,0,204,89,195,84,27,55,80,150,27,88,104,97,27,97,27,27,27,27,27
2012thru2016,050,05000US05127,"Scott County, Arkansas",05,127,130,55,75,0,0,0,0,75,0,25,50,0,0,0,0,0,0,0,0,77,53,62,18,18,18,18,62,18,29,48,18,18,18,18,18,18,18,18
2012thru2016,050,05000US05129,"Searcy County, Arkansas",05,129,55,10,45,30,10,20,0,0,0,0,0,15,15,0,0,0,0,0,0,34,16,32,24,19,18,16,16,16,16,16,22,22,16,16,16,16,16,16
2012thru2016,050,05000US05131,"Sebastian County, Arkansas",05,131,1775,225,1550,235,75,140,20,865,240,555,70,370,130,110,130,80,45,35,0,386,127,358,162,109,118,35,283,135,219,65,183,127,72,103,91,69,59,27
2012thru2016,050,05000US05133,"Sevier County, Arkansas",05,133,30,10,25,0,0,0,0,20,0,20,0,4,4,0,0,0,0,0,0,37,14,35,18,18,18,18,37,18,37,18,7,7,18,18,18,18,18,18
2012thru2016,050,05000US05135,"Sharp County, Arkansas",05,135,250,0,250,45,4,30,10,175,0,110,65,15,0,15,0,15,15,0,0,122,18,122,35,10,30,15,110,18,88,76,24,18,24,18,23,23,18,18
2012thru2016,050,05000US05137,"Stone County, Arkansas",05,137,0,0,0,0,0,0,0,0,0,0,0,0,0,0,0,0,0,0,0,18,18,18,18,18,18,18,18,18,18,18,18,18,18,18,18,18,18,18
2012thru2016,050,05000US05139,"Union County, Arkansas",05,139,495,195,300,90,4,70,15,145,120,4,25,45,0,30,15,15,15,0,0,157,108,106,70,14,68,17,70,69,2,23,54,24,48,24,29,29,24,24
2012thru2016,050,05000US05141,"Van Buren County, Arkansas",05,141,140,25,115,4,0,0,4,80,0,25,55,0,0,0,0,25,25,0,0,69,30,70,16,18,18,16,64,18,29,57,18,18,18,18,31,31,18,18
2012thru2016,050,05000US05143,"Washington County, Arkansas",05,143,1835,85,1745,360,130,230,0,855,195,435,230,295,0,80,215,235,20,50,165,383,125,354,173,110,147,27,263,145,177,146,191,27,91,155,142,36,83,113
2012thru2016,050,05000US05145,"White County, Arkansas",05,145,1270,120,1150,270,55,30,185,610,155,280,175,215,20,135,55,60,0,0,60,338,91,309,133,48,43,127,211,99,157,122,141,28,127,68,73,27,27,73
2012thru2016,050,05000US05147,"Woodruff County, Arkansas",05,147,155,45,110,75,10,55,4,35,0,10,25,0,0,0,0,0,0,0,0,55,32,49,34,16,31,15,35,16,16,31,16,16,16,16,16,16,16,16
2012thru2016,050,05000US05149,"Yell County, Arkansas",05,149,115,25,95,25,10,4,10,25,25,0,0,0,0,0,0,45,45,0,0,66,25,65,19,14,5,17,21,21,21,21,21,21,21,21,55,55,21,21
2012thru2016,050,05000US06001,"Alameda County, California",06,001,7665,930,6740,300,160,40,95,1610,755,535,320,1980,925,705,350,2850,1185,1100,565,715,201,662,107,96,36,56,367,203,163,138,309,214,196,145,416,270,277,178
2012thru2016,050,05000US06003,"Alpine County, California",06,003,50,10,35,0,0,0,0,0,0,0,0,4,0,0,4,35,25,4,0,32,16,26,12,12,12,12,12,12,12,12,3,12,12,3,27,23,16,12
2012thru2016,050,05000US06005,"Amador County, California",06,005,325,50,275,10,10,0,0,65,0,0,65,195,140,35,20,0,0,0,0,162,69,148,19,19,25,25,67,25,25,67,99,87,45,22,25,25,25,25
2012thru2016,050,05000US06007,"Butte County, California",06,007,2420,75,2345,95,50,35,15,390,90,190,110,1355,315,630,415,500,245,75,180,476,71,478,85,70,44,19,141,90,117,88,374,172,229,189,215,155,97,115
2012thru2016,050,05000US06009,"Calaveras County, California",06,009,410,95,315,65,0,40,25,115,35,60,20,100,20,30,55,35,0,15,20,184,95,155,73,25,64,33,94,43,77,35,73,33,35,59,33,25,29,23
2012thru2016,050,05000US06011,"Colusa County, California",06,011,135,10,125,0,0,0,0,85,40,30,15,45,0,35,10,0,0,0,0,66,16,66,22,22,22,22,47,44,29,23,47,22,45,14,22,22,22,22
2012thru2016,050,05000US06013,"Contra Costa County, California",06,013,4230,545,3685,205,30,55,120,1255,340,635,280,1400,300,440,660,820,225,320,275,628,237,644,117,47,64,86,311,175,207,139,312,150,157,225,319,133,208,167
2012thru2016,050,05000US06015,"Del Norte County, California",06,015,110,0,110,60,0,25,40,0,0,0,0,50,40,10,4,0,0,0,0,83,22,83,66,22,40,57,22,22,22,22,50,49,15,4,22,22,22,22
2012thru2016,050,05000US06017,"El Dorado County, California",06,017,1205,115,1090,130,30,80,20,475,245,200,35,395,50,150,190,95,10,15,65,285,87,273,94,46,74,33,161,109,108,32,176,80,104,117,78,22,25,73
2012thru2016,050,05000US06019,"Fresno County, California",06,019,6910,1575,5330,415,120,115,180,1250,475,575,200,3050,600,1860,590,620,100,290,230,755,336,577,137,82,77,94,228,169,150,92,463,201,347,170,201,60,157,112
2012thru2016,050,05000US06021,"Glenn County, California",06,021,55,0,55,30,0,0,30,4,0,0,4,20,0,20,0,0,0,0,0,57,22,57,49,22,22,49,16,22,22,16,29,22,29,22,22,22,22,22
2012thru2016,050,05000US06023,"Humboldt County, California",06,023,770,65,705,45,15,10,20,50,0,4,50,380,160,160,65,230,70,4,150,258,69,248,30,17,15,25,51,28,28,50,182,118,119,55,147,72,28,127
2012thru2016,050,05000US06025,"Imperial County, California",06,025,1030,125,900,110,40,60,10,335,65,255,15,325,70,170,85,130,30,100,0,285,87,269,87,55,66,11,170,67,143,24,148,70,108,73,99,54,84,28
2012thru2016,050,05000US06027,"Inyo County, California",06,027,120,0,120,4,0,0,4,50,30,10,15,65,60,0,10,0,0,0,0,81,19,81,3,19,19,3,39,29,13,22,72,70,19,14,19,19,19,19
2012thru2016,050,05000US06029,"Kern County, California",06,029,6695,2500,4195,315,40,190,85,1395,360,770,265,2020,540,910,575,465,60,225,180,589,392,498,148,41,126,66,371,164,283,119,339,183,256,185,185,54,144,103
2012thru2016,050,05000US06031,"Kings County, California",06,031,935,400,535,20,20,0,4,195,45,95,55,205,80,30,100,115,0,0,115,281,201,215,31,32,28,3,125,50,94,63,118,76,37,74,109,28,28,109
2012thru2016,050,05000US06033,"Lake County, California",06,033,740,0,740,25,0,25,0,250,130,25,95,380,75,165,140,85,85,4,0,203,28,203,35,28,35,28,122,98,41,89,158,60,118,105,65,66,6,28
2012thru2016,050,05000US06035,"Lassen County, California",06,035,260,20,240,70,0,35,35,145,25,80,45,4,0,4,0,20,20,0,0,92,35,86,56,25,42,39,64,28,48,39,5,25,5,25,33,33,25,25
2012thru2016,050,05000US06037,"Los Angeles County, California",06,037,61815,27270,34550,1485,790,410,280,5220,2630,1850,740,14270,8015,4455,1805,13575,6765,4920,1885,2297,1339,1606,334,209,169,112,567,360,327,184,1057,746,601,334,918,707,608,309
2012thru2016,050,05000US06039,"Madera County, California",06,039,1000,250,750,80,0,0,80,210,20,135,60,275,0,245,30,185,0,95,90,256,142,202,93,28,28,93,100,34,73,62,140,28,135,29,112,28,77,83
2012thru2016,050,05000US06041,"Marin County, California",06,041,1040,90,950,170,10,80,80,170,90,4,80,525,60,305,160,85,70,15,0,292,98,281,130,14,87,99,95,87,10,82,198,50,157,104,64,59,27,28
2012thru2016,050,05000US06043,"Mariposa County, California",06,043,395,0,395,75,25,30,20,120,35,0,85,125,15,15,100,70,20,20,30,159,19,159,51,30,35,25,85,55,19,71,69,23,23,61,79,34,37,50
2012thru2016,050,05000US06045,"Mendocino County, California",06,045,500,20,480,15,0,15,0,65,30,25,15,230,25,200,0,170,0,105,65,203,28,198,23,28,23,28,63,43,39,24,145,32,143,28,121,28,93,77
2012thru2016,050,05000US06047,"Merced County, California",06,047,1680,580,1100,35,0,10,25,430,190,130,115,570,120,205,245,65,25,0,40,305,196,256,34,28,16,29,141,92,77,80,210,81,113,153,69,40,28,57
2012thru2016,050,05000US06049,"Modoc County, California",06,049,0,0,0,0,0,0,0,0,0,0,0,0,0,0,0,0,0,0,0,0,17,0,0,0,17,17,0,17,17,0,17,17,17,17,17,17,17,17
2012thru2016,050,05000US06051,"Mono County, California",06,051,1200,0,1200,170,0,75,95,245,45,130,70,485,70,340,75,300,120,105,70,233,19,233,104,19,69,78,126,55,92,62,156,66,122,72,141,87,84,69
2012thru2016,050,05000US06053,"Monterey County, California",06,053,2800,150,2650,35,20,4,10,125,65,30,30,995,310,430,255,1495,410,570,510,356,87,364,42,38,16,16,65,49,39,24,220,123,172,116,299,172,175,186
2012thru2016,050,05000US06055,"Napa County, California",06,055,1170,205,965,20,0,0,20,140,35,60,40,240,85,70,85,570,105,290,175,281,100,260,32,28,28,32,94,44,72,42,127,71,66,68,210,88,166,92
2012thru2016,050,05000US06057,"Nevada County, California",06,057,480,40,440,20,0,0,20,125,85,0,40,115,35,50,30,180,65,90,25,212,68,202,26,28,28,26,107,99,28,45,117,53,85,46,131,76,90,37
2012thru2016,050,05000US06059,"Orange County, California",06,059,15050,5910,9140,110,15,10,85,475,230,115,130,3385,1615,1320,450,5170,2175,2140,855,1117,670,1042,93,30,17,86,177,108,101,82,618,413,337,175,716,497,423,275
2012thru2016,050,05000US06061,"Placer County, California",06,061,2430,210,2225,145,15,50,75,320,75,45,200,1310,315,700,295,450,230,75,145,419,126,405,94,25,58,51,140,52,36,137,341,143,250,153,170,115,60,97
2012thru2016,050,05000US06063,"Plumas County, California",06,063,245,15,230,15,15,0,0,135,0,45,90,50,30,4,10,30,15,4,10,115,25,111,30,30,19,19,101,19,69,74,41,35,18,16,27,25,7,13
2012thru2016,050,05000US06065,"Riverside County, California",06,065,15395,3920,11475,645,125,360,155,1560,515,700,340,4050,930,2160,960,5225,1295,2435,1495,1062,480,905,199,90,131,108,320,159,215,146,493,213,336,249,640,301,428,303
2012thru2016,050,05000US06067,"Sacramento County, California",06,067,12830,1730,11095,380,100,125,160,5210,1795,2935,480,4690,1650,1490,1550,810,460,240,110,729,353,748,161,69,98,116,580,348,447,164,534,337,295,326,199,157,105,60
2012thru2016,050,05000US06069,"San Benito County, California",06,069,90,0,90,0,0,0,0,25,25,0,0,50,0,50,0,10,0,0,10,65,28,65,28,28,28,28,41,41,28,28,49,28,49,28,20,28,28,20
2012thru2016,050,05000US06071,"San Bernardino County, California",06,071,15165,7385,7780,370,30,90,250,1405,280,545,580,3275,1065,1420,785,2730,815,1250,665,1014,725,761,179,40,53,163,362,117,208,225,485,282,310,230,420,248,352,195
2012thru2016,050,05000US06073,"San Diego County, California",06,073,20650,1340,19310,270,55,200,15,2185,735,1215,240,9160,3185,4690,1285,7695,2660,3035,2000,1445,292,1406,146,44,132,21,345,239,268,129,896,494,660,379,923,449,500,429
2012thru2016,050,05000US06075,"San Francisco County, California",06,075,5940,1940,3995,505,215,135,160,445,240,80,125,915,470,205,240,2130,1640,330,160,708,362,546,200,150,95,112,173,142,64,102,255,189,144,101,383,342,156,87
2012thru2016,050,05000US06077,"San Joaquin County, California",06,077,4815,980,3840,85,75,10,0,880,445,360,70,2125,525,1035,565,750,100,155,495,487,253,461,67,65,20,28,219,144,137,46,334,205,229,173,287,74,99,228
2012thru2016,050,05000US06079,"San Luis Obispo County, California",06,079,1140,10,1130,90,10,15,65,195,75,110,10,430,175,125,130,410,55,115,240,265,14,264,67,13,27,52,105,82,63,16,171,113,96,112,185,78,99,143
2012thru2016,050,05000US06081,"San Mateo County, California",06,081,2845,30,2815,205,100,40,60,550,280,170,100,830,495,190,145,1230,555,375,300,499,37,500,110,87,58,57,200,115,142,77,247,170,127,91,325,225,161,166
2012thru2016,050,05000US06083,"Santa Barbara County, California",06,083,2180,250,1930,45,20,0,30,250,65,120,65,800,230,275,300,835,450,250,135,384,139,373,48,34,28,34,125,66,97,52,234,106,141,143,233,181,131,75
2012thru2016,050,05000US06085,"Santa Clara County, California",06,085,8045,385,7660,195,130,0,65,790,315,275,205,2040,965,775,300,4635,2190,1630,810,857,160,853,105,94,28,55,259,144,157,122,411,292,265,145,675,412,370,253
2012thru2016,050,05000US06087,"Santa Cruz County, California",06,087,800,155,645,95,25,50,20,70,4,0,65,220,95,60,65,255,35,50,175,273,108,231,85,39,70,33,66,10,28,65,126,93,67,71,131,37,75,108
2012thru2016,050,05000US06089,"Shasta County, California",06,089,1095,120,975,0,0,0,0,175,120,30,25,635,20,345,270,160,15,70,75,275,73,259,28,28,28,28,124,99,34,41,214,40,138,145,89,22,73,56
2012thru2016,050,05000US06091,"Sierra County, California",06,091,0,0,0,0,0,0,0,0,0,0,0,0,0,0,0,0,0,0,0,12,12,12,12,12,12,12,12,12,12,12,12,12,12,12,12,12,12,12
2012thru2016,050,05000US06093,"Siskiyou County, California",06,093,275,35,240,30,4,4,25,70,50,20,0,140,55,50,35,4,0,0,4,119,24,118,22,2,1,22,36,33,18,25,99,61,71,38,8,25,25,8
2012thru2016,050,05000US06095,"Solano County, California",06,095,2930,235,2695,175,15,125,35,445,170,210,65,1485,430,635,415,590,210,160,220,453,147,424,101,27,95,37,179,102,123,54,273,121,219,133,200,99,118,125
2012thru2016,050,05000US06097,"Sonoma County, California",06,097,2640,325,2315,150,30,75,50,195,90,35,70,1135,370,440,325,835,335,245,255,438,179,394,116,46,74,73,122,102,33,61,278,150,186,137,199,151,111,122
2012thru2016,050,05000US06099,"Stanislaus County, California",06,099,3160,775,2380,120,35,0,90,450,210,240,0,1615,400,815,400,195,60,105,30,515,201,437,74,37,28,61,180,112,122,28,371,168,293,168,132,96,99,45
2012thru2016,050,05000US06101,"Sutter County, California",06,101,560,115,445,0,0,0,0,105,15,90,0,300,45,140,115,40,0,25,10,187,102,156,28,28,28,28,68,24,64,28,126,49,72,90,49,28,46,23
2012thru2016,050,05000US06103,"Tehama County, California",06,103,510,0,510,15,0,15,0,215,0,165,50,225,105,115,0,50,0,50,0,212,28,212,31,28,31,28,140,28,128,65,163,100,112,28,68,28,68,28
2012thru2016,050,05000US06105,"Trinity County, California",06,105,105,4,100,10,10,0,0,80,4,75,0,15,0,15,0,0,0,0,0,73,10,72,13,13,19,19,67,11,68,19,18,19,18,19,19,19,19,19
2012thru2016,050,05000US06107,"Tulare County, California",06,107,1950,750,1200,100,35,35,35,390,165,170,55,645,160,335,150,65,25,40,0,318,220,299,61,40,35,33,129,99,87,52,258,132,210,80,72,26,68,28
2012thru2016,050,05000US06109,"Tuolumne County, California",06,109,390,0,390,40,0,0,40,80,35,0,45,185,25,75,85,90,25,0,65,175,28,175,56,28,28,56,77,55,28,53,114,39,87,78,85,41,28,75
2012thru2016,050,05000US06111,"Ventura County, California",06,111,3525,765,2760,45,10,10,25,145,20,75,50,1375,405,475,495,1200,330,535,335,524,243,478,35,14,16,29,75,25,57,44,351,161,192,191,337,167,252,129
2012thru2016,050,05000US06113,"Yolo County, California",06,113,800,55,745,20,15,0,4,275,125,100,50,345,125,170,50,105,30,55,25,213,65,211,27,24,28,17,149,102,84,55,149,98,89,47,63,33,54,32
2012thru2016,050,05000US06115,"Yuba County, California",06,115,680,30,650,10,0,10,0,200,55,110,35,350,20,150,175,85,15,20,50,201,46,193,20,28,20,28,105,53,68,46,159,39,112,110,72,23,25,60
2012thru2016,050,05000US08001,"Adams County, Colorado",08,001,2800,225,2575,125,25,60,40,1060,400,445,220,1290,435,625,230,95,55,45,0,409,130,351,82,37,56,49,234,166,158,123,249,167,192,128,77,69,45,27
2012thru2016,050,05000US08003,"Alamosa County, Colorado",08,003,265,45,220,25,0,20,4,200,15,165,20,0,0,0,0,0,0,0,0,127,69,113,31,18,32,13,113,31,110,32,18,18,18,18,18,18,18,18
2012thru2016,050,05000US08005,"Arapahoe County, Colorado",08,005,3860,245,3615,60,0,60,0,1060,380,510,170,1945,845,905,195,550,145,275,130,568,135,556,59,27,59,27,246,149,129,131,401,275,235,123,229,93,147,97
2012thru2016,050,05000US08007,"Archuleta County, Colorado",08,007,310,0,310,95,55,10,25,40,4,15,25,130,75,15,35,45,4,20,20,128,18,128,90,70,21,40,30,18,17,26,89,61,19,57,31,18,24,23
2012thru2016,050,05000US08009,"Baca County, Colorado",08,009,65,25,40,35,10,4,20,0,0,0,0,4,4,0,0,0,0,0,0,29,17,25,23,14,13,16,11,11,11,11,10,10,11,11,11,11,11,11
2012thru2016,050,05000US08011,"Bent County, Colorado",08,011,40,10,25,0,0,0,0,20,20,0,0,4,0,0,4,0,0,0,0,36,19,31,16,16,16,16,30,30,16,16,16,16,16,16,16,16,16,16
2012thru2016,050,05000US08013,"Boulder County, Colorado",08,013,1640,195,1450,85,75,0,10,340,165,135,45,510,285,200,25,510,130,195,185,381,109,381,79,79,27,13,163,105,100,51,234,165,162,31,224,115,137,115
2012thru2016,050,05000US08014,"Broomfield County, Colorado",08,014,370,20,355,0,0,0,0,35,0,35,0,155,65,80,10,165,30,85,50,160,31,159,27,27,27,27,47,27,47,27,119,88,71,13,98,50,79,53
2012thru2016,050,05000US08015,"Chaffee County, Colorado",08,015,150,0,150,0,0,0,0,75,0,0,75,20,0,10,10,60,0,60,0,86,18,86,18,18,18,18,64,18,18,64,23,18,16,18,60,18,60,18
2012thru2016,050,05000US08017,"Cheyenne County, Colorado",08,017,15,0,15,4,0,4,4,10,0,4,4,0,0,0,0,0,0,0,0,14,11,14,9,11,3,11,13,11,11,8,11,11,11,11,11,11,11,11
2012thru2016,050,05000US08019,"Clear Creek County, Colorado",08,019,15,4,10,0,0,0,0,10,4,4,0,4,4,0,0,0,0,0,0,16,6,14,16,16,16,16,13,10,16,16,16,16,16,16,16,16,16,16
2012thru2016,050,05000US08021,"Conejos County, Colorado",08,021,25,0,25,15,0,10,4,10,0,10,0,0,0,0,0,0,0,0,0,20,16,20,16,16,13,10,14,16,14,16,16,16,16,16,16,16,16,16
2012thru2016,050,05000US08023,"Costilla County, Colorado",08,023,75,0,75,40,4,30,4,30,10,0,15,4,4,0,0,0,0,0,0,36,11,36,28,10,23,14,25,18,11,19,10,10,11,11,11,11,11,11
2012thru2016,050,05000US08025,"Crowley County, Colorado",08,025,40,4,35,35,0,20,10,4,4,0,0,0,0,0,0,0,0,0,0,29,4,27,29,16,23,14,16,16,16,16,16,16,16,16,16,16,16,16
2012thru2016,050,05000US08027,"Custer County, Colorado",08,027,105,0,105,65,0,25,35,40,25,15,0,4,0,4,0,0,0,0,0,74,11,74,72,11,43,59,45,40,19,11,1,11,1,11,11,11,11,11
2012thru2016,050,05000US08029,"Delta County, Colorado",08,029,460,45,415,25,0,25,0,290,70,135,85,95,25,55,15,4,4,0,0,142,65,134,34,24,34,24,117,67,78,64,74,40,59,30,24,24,24,24
2012thru2016,050,05000US08031,"Denver County, Colorado",08,031,6135,300,5835,275,45,120,110,1815,865,760,190,2020,1180,705,135,1730,905,780,45,632,156,609,148,44,109,73,412,239,282,106,439,355,242,80,406,356,295,41
2012thru2016,050,05000US08033,"Dolores County, Colorado",08,033,20,0,20,15,0,15,0,4,0,4,4,0,0,0,0,0,0,0,0,22,11,22,21,11,21,11,10,11,5,9,11,11,11,11,11,11,11,11
2012thru2016,050,05000US08035,"Douglas County, Colorado",08,035,1095,70,1025,0,0,0,0,200,75,105,25,530,95,220,220,295,100,55,140,294,71,274,27,27,27,27,124,86,74,38,219,106,112,137,116,70,69,73
2012thru2016,050,05000US08037,"Eagle County, Colorado",08,037,480,45,435,45,0,10,35,60,25,15,25,190,25,60,105,140,100,40,0,144,51,132,34,27,13,34,41,26,24,21,80,31,63,49,95,79,45,27
2012thru2016,050,05000US08039,"Elbert County, Colorado",08,039,45,0,45,15,0,15,0,15,10,0,4,4,0,0,4,10,0,10,0,34,21,34,17,21,17,21,19,15,21,3,12,21,21,12,17,21,17,21
2012thru2016,050,05000US08041,"El Paso County, Colorado",08,041,4275,200,4075,205,60,70,70,1680,575,735,370,1685,370,630,685,505,355,110,40,622,127,594,100,56,67,60,343,202,229,158,403,206,192,252,205,202,94,49
2012thru2016,050,05000US08043,"Fremont County, Colorado",08,043,380,55,330,15,0,0,15,190,30,15,150,115,85,0,30,4,4,0,0,175,83,150,26,24,24,26,120,35,22,111,84,77,24,36,11,11,24,24
2012thru2016,050,05000US08045,"Garfield County, Colorado",08,045,465,0,465,45,0,25,25,215,105,25,85,175,115,35,25,30,0,0,30,171,27,171,31,27,23,25,128,115,19,59,109,88,54,28,43,27,27,43
2012thru2016,050,05000US08047,"Gilpin County, Colorado",08,047,25,0,25,0,0,0,0,10,0,10,0,15,0,10,10,0,0,0,0,28,16,28,16,16,16,16,14,16,14,16,18,16,15,15,16,16,16,16
2012thru2016,050,05000US08049,"Grand County, Colorado",08,049,610,40,570,15,15,0,0,165,10,85,75,175,30,100,45,215,135,80,0,151,59,141,18,18,18,18,76,15,37,65,58,23,48,34,107,81,73,18
2012thru2016,050,05000US08051,"Gunnison County, Colorado",08,051,405,15,390,15,0,10,4,140,15,25,100,175,4,95,70,65,35,20,10,108,16,109,18,18,13,16,78,18,29,70,68,11,57,37,45,27,22,15
2012thru2016,050,05000US08053,"Hinsdale County, Colorado",08,053,35,0,35,4,0,0,4,30,4,25,0,0,0,0,0,0,0,0,0,21,11,21,11,11,11,11,19,12,18,11,11,11,11,11,11,11,11,11
2012thru2016,050,05000US08055,"Huerfano County, Colorado",08,055,0,0,0,0,0,0,0,0,0,0,0,0,0,0,0,0,0,0,0,0,16,0,0,16,0,16,0,0,16,16,16,16,16,16,16,16,16,16
2012thru2016,050,05000US08057,"Jackson County, Colorado",08,057,25,10,15,0,0,0,0,15,0,4,10,0,0,0,0,0,0,0,0,19,13,20,11,11,11,11,20,11,10,14,11,11,11,11,11,11,11,11
2012thru2016,050,05000US08059,"Jefferson County, Colorado",08,059,1840,150,1690,70,30,45,0,705,280,295,135,670,315,300,60,245,60,110,70,378,152,343,69,45,52,27,223,163,121,96,194,141,137,49,131,65,91,59
2012thru2016,050,05000US08061,"Kiowa County, Colorado",08,061,50,20,30,20,4,0,10,10,4,0,4,0,0,0,0,0,0,0,0,28,19,23,20,11,11,17,15,10,11,3,11,11,11,11,11,11,11,11
2012thru2016,050,05000US08063,"Kit Carson County, Colorado",08,063,95,35,60,40,0,35,4,20,0,20,0,0,0,0,0,0,0,0,0,63,22,57,49,16,51,3,31,16,31,16,16,16,16,16,16,16,16,16
2012thru2016,050,05000US08065,"Lake County, Colorado",08,065,80,0,80,0,0,0,0,0,0,0,0,80,50,30,0,0,0,0,0,85,16,85,16,16,16,16,16,16,16,16,85,80,35,16,16,16,16,16
2012thru2016,050,05000US08067,"La Plata County, Colorado",08,067,750,80,670,90,4,45,40,235,160,50,25,195,50,65,80,155,45,100,4,223,73,219,81,27,64,46,125,106,55,39,106,56,67,64,111,72,82,14
2012thru2016,050,05000US08069,"Larimer County, Colorado",08,069,1355,175,1180,55,0,55,0,400,25,270,105,550,85,340,125,170,95,55,20,331,149,284,69,27,69,27,171,40,137,87,208,81,168,85,78,67,59,35
2012thru2016,050,05000US08071,"Las Animas County, Colorado",08,071,255,0,255,95,15,0,80,130,0,105,25,35,10,4,15,0,0,0,0,133,18,133,81,28,18,78,94,18,84,33,32,19,7,28,18,18,18,18
2012thru2016,050,05000US08073,"Lincoln County, Colorado",08,073,55,4,50,0,0,0,0,50,0,30,20,0,0,0,0,0,0,0,0,34,1,33,16,16,16,16,33,16,28,23,16,16,16,16,16,16,16,16
2012thru2016,050,05000US08075,"Logan County, Colorado",08,075,340,100,235,40,20,4,15,195,20,90,85,0,0,0,0,0,0,0,0,166,88,144,42,35,14,16,136,36,96,86,21,21,21,21,21,21,21,21
2012thru2016,050,05000US08077,"Mesa County, Colorado",08,077,510,15,500,4,0,0,4,235,55,105,75,145,0,75,70,115,0,80,35,213,22,212,7,27,27,7,116,49,90,56,111,27,73,74,108,27,103,38
2012thru2016,050,05000US08079,"Mineral County, Colorado",08,079,15,0,15,4,0,0,4,0,0,0,0,15,4,4,0,0,0,0,0,16,11,16,3,11,11,3,11,11,11,11,16,9,10,11,11,11,11,11
2012thru2016,050,05000US08081,"Moffat County, Colorado",08,081,290,30,260,25,25,0,0,235,55,85,90,0,0,0,0,0,0,0,0,135,42,130,42,42,18,18,119,57,73,82,18,18,18,18,18,18,18,18
2012thru2016,050,05000US08083,"Montezuma County, Colorado",08,083,180,35,140,20,10,4,4,25,0,15,10,75,10,0,65,25,0,0,25,84,49,66,16,15,21,7,20,21,15,13,48,13,21,44,40,21,21,40
2012thru2016,050,05000US08085,"Montrose County, Colorado",08,085,320,50,270,75,0,55,15,140,0,70,70,55,10,4,45,0,0,0,0,146,67,139,78,24,76,17,93,24,64,71,71,14,3,70,24,24,24,24
2012thru2016,050,05000US08087,"Morgan County, Colorado",08,087,175,50,125,40,0,0,40,50,20,25,4,35,25,0,10,0,0,0,0,130,82,88,58,21,21,58,41,31,28,21,43,41,21,14,21,21,21,21
2012thru2016,050,05000US08089,"Otero County, Colorado",08,089,395,100,295,165,35,95,30,120,55,65,0,15,10,4,0,0,0,0,0,124,76,112,99,34,80,38,63,43,51,18,18,14,14,18,18,18,18,18
2012thru2016,050,05000US08091,"Ouray County, Colorado",08,091,90,10,80,0,0,0,0,45,10,0,30,20,0,10,10,20,20,0,0,42,14,41,11,11,11,11,34,19,11,30,23,11,13,13,17,17,11,11
2012thru2016,050,05000US08093,"Park County, Colorado",08,093,0,0,0,0,0,0,0,0,0,0,0,0,0,0,0,0,0,0,0,0,18,0,18,18,18,18,18,18,18,18,0,18,18,0,18,18,18,18
2012thru2016,050,05000US08095,"Phillips County, Colorado",08,095,20,0,20,0,0,0,0,15,0,10,4,10,0,10,0,0,0,0,0,22,11,22,11,11,11,11,19,11,15,11,13,11,13,11,11,11,11,11
2012thru2016,050,05000US08097,"Pitkin County, Colorado",08,097,750,40,715,80,35,45,0,100,0,50,55,270,55,105,110,260,110,70,80,211,65,218,92,58,75,18,68,18,47,51,149,64,86,95,144,84,80,78
2012thru2016,050,05000US08099,"Prowers County, Colorado",08,099,150,40,110,85,0,20,65,10,0,10,0,10,10,0,0,4,0,0,4,81,27,75,74,18,27,67,16,18,16,18,20,20,18,18,7,18,18,7
2012thru2016,050,05000US08101,"Pueblo County, Colorado",08,101,1220,30,1190,120,10,20,90,695,315,280,100,320,115,130,75,60,0,15,40,263,36,271,85,14,34,80,174,141,128,70,150,77,100,55,54,27,30,46
2012thru2016,050,05000US08103,"Rio Blanco County, Colorado",08,103,210,25,185,25,15,0,15,130,15,65,50,0,0,0,0,25,0,25,0,74,27,69,29,22,16,23,72,25,45,46,16,16,16,16,40,16,40,16
2012thru2016,050,05000US08105,"Rio Grande County, Colorado",08,105,85,4,80,4,0,0,4,75,15,40,15,4,4,0,0,0,0,0,0,76,10,74,3,18,18,3,68,17,62,22,27,27,18,18,18,18,18,18
2012thru2016,050,05000US08107,"Routt County, Colorado",08,107,1180,85,1095,65,4,0,60,175,15,45,115,430,140,220,75,425,100,240,85,315,87,307,64,5,21,63,95,18,31,87,182,119,130,66,196,101,136,89
2012thru2016,050,05000US08109,"Saguache County, Colorado",08,109,40,4,35,0,0,0,0,35,20,20,0,0,0,0,0,0,0,0,0,35,9,34,16,16,16,16,34,24,23,16,16,16,16,16,16,16,16,16
2012thru2016,050,05000US08111,"San Juan County, Colorado",08,111,60,0,60,15,10,0,4,15,0,0,15,10,4,4,0,25,10,0,10,26,11,26,15,14,11,10,14,11,11,14,12,11,10,11,20,14,11,14
2012thru2016,050,05000US08113,"San Miguel County, Colorado",08,113,425,125,300,4,0,0,4,45,10,30,4,100,40,40,20,145,35,80,30,80,39,63,10,16,16,10,29,14,26,6,40,28,28,22,56,30,34,26
2012thru2016,050,05000US08115,"Sedgwick County, Colorado",08,115,40,0,40,0,0,0,0,25,15,10,0,10,10,0,0,10,10,0,0,26,11,26,11,11,11,11,23,18,13,11,13,13,11,11,13,13,11,11
2012thru2016,050,05000US08117,"Summit County, Colorado",08,117,1220,35,1185,50,25,25,0,150,0,40,110,235,15,220,0,750,310,160,285,317,55,305,52,41,31,21,92,21,42,83,108,23,105,21,247,135,116,132
2012thru2016,050,05000US08119,"Teller County, Colorado",08,119,110,10,100,0,0,0,0,100,50,0,50,0,0,0,0,0,0,0,0,98,13,96,21,21,21,21,96,65,21,72,21,21,21,21,21,21,21,21
2012thru2016,050,05000US08121,"Washington County, Colorado",08,121,30,0,30,10,4,4,0,20,10,0,4,0,0,0,0,0,0,0,0,22,11,22,14,8,10,11,22,16,11,14,11,11,11,11,11,11,11,11
2012thru2016,050,05000US08123,"Weld County, Colorado",08,123,990,70,920,50,4,35,10,295,105,95,95,405,130,165,110,165,45,100,25,231,64,226,43,12,33,13,120,74,65,69,151,115,87,69,101,46,84,27
2012thru2016,050,05000US08125,"Yuma County, Colorado",08,125,0,0,0,0,0,0,0,0,0,0,0,0,0,0,0,0,0,0,0,0,18,0,18,18,18,18,0,18,18,0,18,18,18,18,18,18,18,18
2012thru2016,050,05000US09001,"Fairfield County, Connecticut",09,001,6765,470,6295,820,270,405,145,2160,645,925,590,1500,455,610,430,1815,775,585,455,709,159,697,195,130,156,83,371,181,225,182,312,152,197,173,421,278,231,184
2012thru2016,050,05000US09003,"Hartford County, Connecticut",09,003,9185,680,8505,1260,285,520,455,4940,1830,2295,815,1855,785,855,215,450,190,160,100,729,195,709,278,122,197,154,595,368,415,215,349,235,249,117,175,119,97,92
2012thru2016,050,05000US09005,"Litchfield County, Connecticut",09,005,595,120,475,35,35,0,0,305,170,25,115,95,30,65,0,40,0,10,30,159,92,138,43,43,28,28,122,98,27,83,68,38,56,28,41,28,13,38
2012thru2016,050,05000US09007,"Middlesex County, Connecticut",09,007,1345,15,1330,85,15,55,15,665,415,225,25,545,230,245,65,35,0,35,0,355,23,354,92,28,86,28,230,181,140,33,228,148,177,46,59,28,59,28
2012thru2016,050,05000US09009,"New Haven County, Connecticut",09,009,10100,580,9520,1400,460,635,305,4785,1445,2490,850,2685,1075,1220,385,650,330,210,110,856,184,824,255,175,184,106,571,287,378,212,401,279,280,161,201,137,138,74
2012thru2016,050,05000US09011,"New London County, Connecticut",09,011,2235,80,2155,250,55,140,50,1270,490,470,315,505,50,280,180,130,55,40,35,408,72,405,150,69,110,77,303,215,198,150,213,41,166,117,94,63,55,42
2012thru2016,050,05000US09013,"Tolland County, Connecticut",09,013,840,30,815,85,50,20,15,610,205,320,85,110,35,30,45,10,10,0,0,254,46,249,71,60,36,23,220,107,177,87,86,56,36,55,15,15,28,28
2012thru2016,050,05000US09015,"Windham County, Connecticut",09,015,845,75,765,120,0,60,60,445,150,135,160,200,65,35,100,0,0,0,0,229,73,214,67,28,54,39,171,76,101,97,109,52,44,91,28,28,28,28
2012thru2016,050,05000US10001,"Kent County, Delaware",10,001,1085,65,1020,150,0,70,80,220,45,155,20,560,60,275,225,85,0,20,65,345,55,338,151,27,116,94,124,48,117,31,208,79,131,126,101,27,34,99
2012thru2016,050,05000US10003,"New Castle County, Delaware",10,003,5900,75,5825,430,90,210,130,2265,560,1015,690,2730,1105,1190,435,395,150,105,145,534,53,526,163,76,113,79,358,188,245,189,418,285,299,148,149,92,76,98
2012thru2016,050,05000US10005,"Sussex County, Delaware",10,005,1560,20,1540,210,75,40,90,495,20,130,345,660,0,190,470,180,15,85,75,300,30,301,121,71,50,73,195,38,95,154,170,27,122,148,96,20,84,46
2012thru2016,050,05000US11001,"District of Columbia, District of Columbia",11,001,10255,315,9940,1510,550,600,360,2785,1380,1045,360,1015,430,410,175,4630,3295,920,415,818,121,810,245,164,169,120,407,291,219,131,244,177,189,87,554,503,267,140
2012thru2016,050,05000US12001,"Alachua County, Florida",12,001,5835,10,5825,480,25,185,270,2345,1005,970,365,1920,395,910,615,1085,275,325,480,595,13,592,212,39,104,173,386,269,228,163,395,162,279,232,276,104,174,203
2012thru2016,050,05000US12003,"Baker County, Florida",12,003,140,50,90,0,0,0,0,65,0,0,65,25,0,0,25,0,0,0,0,158,80,107,25,25,25,25,97,25,25,97,42,25,25,42,25,25,25,25
2012thru2016,050,05000US12005,"Bay County, Florida",12,005,11000,165,10830,395,45,185,165,2200,145,1140,910,3870,710,2355,805,4370,1560,2060,750,664,106,666,172,51,131,114,445,116,330,219,492,232,418,185,407,241,379,177
2012thru2016,050,05000US12007,"Bradford County, Florida",12,007,130,30,100,0,0,0,0,100,0,60,40,0,0,0,0,0,0,0,0,94,53,88,25,25,25,25,88,25,57,64,25,25,25,25,25,25,25,25
2012thru2016,050,05000US12009,"Brevard County, Florida",12,009,8085,500,7585,745,175,410,155,2835,270,2075,490,2785,630,1360,790,1220,305,440,475,911,167,902,250,115,180,86,509,160,398,210,543,238,406,265,346,132,214,224
2012thru2016,050,05000US12011,"Broward County, Florida",12,011,20180,1070,19105,495,195,230,65,1995,605,1150,240,10050,3375,4540,2135,6570,2475,2390,1710,1334,266,1295,200,133,147,79,362,228,251,131,960,543,556,415,773,577,452,384
2012thru2016,050,05000US12013,"Calhoun County, Florida",12,013,105,0,105,55,0,35,20,55,0,55,0,0,0,0,0,0,0,0,0,72,21,72,53,21,40,32,48,21,48,21,21,21,21,21,21,21,21,21
2012thru2016,050,05000US12015,"Charlotte County, Florida",12,015,2555,45,2510,25,0,0,25,425,20,190,215,1260,220,405,630,800,100,460,240,478,50,477,41,31,31,41,170,36,126,122,348,134,159,244,228,82,165,136
2012thru2016,050,05000US12017,"Citrus County, Florida",12,017,1070,60,1010,35,35,0,0,315,0,130,185,415,25,150,235,245,40,160,40,384,64,374,60,60,31,31,179,31,112,133,189,42,112,154,170,65,138,69
2012thru2016,050,05000US12019,"Clay County, Florida",12,019,965,20,945,50,0,10,35,300,60,110,135,570,80,225,265,25,0,10,15,310,25,306,47,31,22,40,165,92,104,95,258,79,145,187,31,31,20,26
2012thru2016,050,05000US12021,"Collier County, Florida",12,021,4560,130,4430,430,10,285,140,865,25,475,365,1660,160,1030,475,1475,120,765,595,551,74,562,144,13,143,92,246,35,176,205,420,109,345,183,317,78,239,186
2012thru2016,050,05000US12023,"Columbia County, Florida",12,023,575,70,505,15,0,0,15,260,20,145,95,235,80,115,40,0,0,0,0,173,57,152,22,31,31,22,120,35,96,73,113,66,91,43,31,31,31,31
2012thru2016,050,05000US12027,"DeSoto County, Florida",12,027,435,60,375,0,0,0,0,130,4,90,35,235,50,160,25,15,0,15,0,131,44,124,28,28,28,28,82,10,73,41,98,55,82,39,22,28,22,28
2012thru2016,050,05000US12029,"Dixie County, Florida",12,029,100,25,75,15,10,0,4,45,0,0,45,4,0,0,4,10,4,4,0,79,37,72,19,16,21,6,68,21,21,68,2,21,21,2,13,11,2,21
2012thru2016,050,05000US12031,"Duval County, Florida",12,031,12945,700,12245,1465,380,580,505,4545,1215,1715,1615,5095,1285,2440,1370,1140,560,175,405,1019,236,993,298,186,189,134,599,343,345,407,722,385,471,384,318,210,126,200
2012thru2016,050,05000US12033,"Escambia County, Florida",12,033,7870,295,7570,1000,155,580,265,3000,290,1720,990,2270,190,1135,945,1300,225,845,235,690,127,655,268,112,203,117,461,114,356,301,431,122,313,235,261,90,203,101
2012thru2016,050,05000US12035,"Flagler County, Florida",12,035,310,15,300,10,0,0,10,35,0,0,35,175,80,65,35,80,50,0,30,109,22,115,14,31,31,14,42,31,31,42,116,82,76,43,68,68,31,33
2012thru2016,050,05000US12037,"Franklin County, Florida",12,037,300,0,300,40,0,10,30,135,15,20,100,75,0,60,15,50,0,15,35,106,21,106,40,21,22,35,70,26,25,63,50,21,47,24,38,21,23,31
2012thru2016,050,05000US12039,"Gadsden County, Florida",12,039,270,25,245,90,10,45,35,115,20,55,40,45,45,0,0,0,0,0,0,129,34,125,52,13,36,44,72,32,67,49,68,68,28,28,28,28,28,28
2012thru2016,050,05000US12041,"Gilchrist County, Florida",12,041,60,0,60,10,0,0,10,45,0,10,35,4,0,4,0,0,0,0,0,58,21,58,17,21,21,17,54,21,14,53,6,21,6,21,21,21,21,21
2012thru2016,050,05000US12043,"Glades County, Florida",12,043,175,10,165,0,0,0,0,10,0,10,4,60,45,4,10,95,65,25,0,100,15,99,21,21,21,21,16,21,13,1,50,47,17,15,87,73,43,21
2012thru2016,050,05000US12045,"Gulf County, Florida",12,045,250,20,235,40,0,0,40,85,60,0,25,25,0,25,0,85,0,35,50,116,33,113,46,21,21,46,69,57,21,39,42,21,42,21,67,21,53,43
2012thru2016,050,05000US12047,"Hamilton County, Florida",12,047,80,10,70,30,0,10,25,4,0,4,0,35,0,35,0,0,0,0,0,68,14,67,38,21,16,36,10,21,10,21,55,21,55,21,21,21,21,21
2012thru2016,050,05000US12049,"Hardee County, Florida",12,049,350,0,350,4,4,0,0,85,40,15,30,260,100,70,95,0,0,0,0,167,25,167,15,15,25,25,69,41,21,49,149,96,73,102,25,25,25,25
2012thru2016,050,05000US12051,"Hendry County, Florida",12,051,225,4,220,30,0,0,30,155,0,70,85,4,0,4,0,35,0,0,35,132,2,133,57,28,28,57,124,28,80,96,28,28,28,28,55,28,28,55
2012thru2016,050,05000US12053,"Hernando County, Florida",12,053,1240,95,1145,170,15,125,25,585,0,410,175,235,60,75,100,160,60,100,0,331,90,306,98,31,86,40,242,31,209,120,146,75,71,93,113,67,94,31
2012thru2016,050,05000US12055,"Highlands County, Florida",12,055,1800,30,1770,195,15,150,35,435,180,150,110,645,235,355,55,490,215,205,70,344,32,335,101,24,102,31,170,111,87,83,196,121,165,51,205,139,129,53
2012thru2016,050,05000US12057,"Hillsborough County, Florida",12,057,15620,425,15195,720,160,310,250,2460,850,890,720,7865,2735,3425,1705,4150,1315,1665,1170,1153,134,1147,233,81,161,140,381,209,248,210,772,489,476,340,619,317,406,296
2012thru2016,050,05000US12059,"Holmes County, Florida",12,059,115,4,110,95,15,80,0,4,0,0,4,10,0,0,10,0,0,0,0,77,10,77,81,23,83,21,10,21,21,10,20,21,21,20,21,21,21,21
2012thru2016,050,05000US12061,"Indian River County, Florida",12,061,3325,0,3325,55,0,30,25,815,140,350,325,1735,295,725,710,720,255,255,210,586,31,586,69,31,53,43,266,101,143,184,415,150,228,280,272,166,155,136
2012thru2016,050,05000US12063,"Jackson County, Florida",12,063,385,0,385,75,4,60,10,210,25,95,90,100,45,4,45,0,0,0,0,139,28,139,67,14,61,16,84,46,63,60,85,72,10,47,28,28,28,28
2012thru2016,050,05000US12065,"Jefferson County, Florida",12,065,110,10,100,35,0,0,35,65,10,30,25,0,0,0,0,0,0,0,0,72,18,68,44,21,21,44,55,17,37,39,21,21,21,21,21,21,21,21
2012thru2016,050,05000US12067,"Lafayette County, Florida",12,067,100,45,55,55,0,55,0,0,0,0,0,0,0,0,0,0,0,0,0,100,48,88,88,19,88,19,19,19,19,19,19,19,19,19,19,19,19,19
2012thru2016,050,05000US12069,"Lake County, Florida",12,069,3560,255,3305,295,65,120,110,1065,160,640,265,1325,225,500,600,620,120,400,100,527,148,510,162,79,100,86,287,98,251,136,338,146,182,309,274,73,258,83
2012thru2016,050,05000US12071,"Lee County, Florida",12,071,8065,250,7815,185,85,65,35,2790,475,1445,870,2990,410,1325,1255,1850,285,1015,550,763,126,758,112,86,48,43,471,212,325,246,481,154,315,364,343,126,289,151
2012thru2016,050,05000US12073,"Leon County, Florida",12,073,3820,280,3540,270,20,80,175,1405,460,510,440,1565,440,455,675,300,90,135,70,551,182,510,128,33,76,97,299,161,156,188,369,179,218,232,162,94,111,68
2012thru2016,050,05000US12075,"Levy County, Florida",12,075,335,4,325,65,0,65,0,85,0,15,70,70,0,35,35,110,65,45,0,106,11,106,48,28,48,28,78,28,26,75,42,28,29,34,43,36,28,28
2012thru2016,050,05000US12077,"Liberty County, Florida",12,077,45,4,40,30,0,30,0,10,0,0,10,0,0,0,0,0,0,0,0,50,10,50,47,19,47,19,15,19,19,15,19,19,19,19,19,19,19,19
2012thru2016,050,05000US12079,"Madison County, Florida",12,079,340,10,325,85,10,45,30,130,4,10,110,85,10,70,4,30,15,0,15,141,21,138,57,16,46,35,76,16,13,74,64,14,63,11,31,23,21,23
2012thru2016,050,05000US12081,"Manatee County, Florida",12,081,4960,140,4820,190,60,85,45,1060,280,540,240,1990,540,1080,370,1580,490,885,210,560,107,554,117,49,83,41,236,125,171,112,426,217,291,175,308,144,244,110
2012thru2016,050,05000US12083,"Marion County, Florida",12,083,3355,275,3080,120,25,60,35,790,310,390,95,1605,150,835,620,560,170,170,220,602,155,570,95,40,73,39,262,190,163,70,387,99,292,261,290,134,122,173
2012thru2016,050,05000US12085,"Martin County, Florida",12,085,1350,25,1325,25,0,0,25,25,10,15,0,695,165,350,180,580,220,325,30,404,40,407,39,31,31,39,23,14,30,31,318,114,201,130,236,126,158,40
2012thru2016,050,05000US12086,"Miami-Dade County, Florida",12,086,27930,1460,26470,1660,760,520,380,4475,1755,1840,880,11615,4240,4700,2670,8720,4275,3130,1315,1368,342,1347,319,225,164,124,504,372,320,299,876,515,583,410,702,423,504,298
2012thru2016,050,05000US12087,"Monroe County, Florida",12,087,3255,20,3235,240,25,105,110,515,150,190,170,1170,200,730,245,1310,305,695,310,340,28,343,139,40,81,90,159,100,89,99,226,110,194,106,230,113,165,124
2012thru2016,050,05000US12089,"Nassau County, Florida",12,089,535,0,535,75,0,40,35,165,30,85,50,210,80,65,65,80,0,40,45,226,31,226,69,31,46,54,115,51,86,58,175,132,81,74,72,31,39,59
2012thru2016,050,05000US12091,"Okaloosa County, Florida",12,091,2310,420,1890,230,45,90,95,390,110,90,195,845,150,330,365,420,195,85,140,429,174,413,139,63,86,88,181,109,82,135,258,102,174,150,164,152,66,67
2012thru2016,050,05000US12093,"Okeechobee County, Florida",12,093,380,50,325,10,0,10,0,60,0,30,30,190,75,95,20,70,35,10,25,159,56,151,15,28,15,28,60,28,35,50,117,87,70,38,60,38,13,41
2012thru2016,050,05000US12095,"Orange County, Florida",12,095,18430,505,17920,420,190,145,90,2675,550,1155,970,9545,2445,3785,3315,5280,1495,2010,1780,1291,196,1269,168,114,81,92,450,208,296,276,882,444,573,681,880,413,416,562
2012thru2016,050,05000US12097,"Osceola County, Florida",12,097,2515,40,2475,0,0,0,0,350,20,110,225,1660,235,685,740,465,100,45,325,478,44,476,31,31,31,31,172,32,105,141,396,147,262,231,179,99,50,140
2012thru2016,050,05000US12099,"Palm Beach County, Florida",12,099,14130,400,13730,610,145,265,200,2705,705,1445,560,6245,1470,3390,1390,4165,1270,1790,1105,918,148,925,156,83,109,89,432,196,282,193,597,274,516,288,563,303,385,268
2012thru2016,050,05000US12101,"Pasco County, Florida",12,101,4650,110,4540,130,20,80,30,1595,525,835,230,2255,290,1500,465,565,105,285,180,504,70,501,86,31,73,43,325,198,238,109,349,121,310,171,209,89,155,90
2012thru2016,050,05000US12103,"Pinellas County, Florida",12,103,11040,605,10435,170,105,25,40,1885,645,930,310,5320,2070,2815,435,3055,1385,1290,380,963,257,893,101,87,35,46,345,182,245,161,605,370,515,155,434,306,278,152
2012thru2016,050,05000US12105,"Polk County, Florida",12,105,6145,265,5880,530,275,170,85,1545,470,735,335,2605,820,940,845,1200,480,410,315,653,134,626,196,165,93,62,274,173,179,142,436,225,283,287,357,199,166,202
2012thru2016,050,05000US12107,"Putnam County, Florida",12,107,485,55,430,50,25,25,0,125,20,30,75,215,55,100,60,40,20,20,0,227,72,217,54,43,34,31,127,32,40,102,152,87,105,68,48,34,40,31
2012thru2016,050,05000US12109,"St. Johns County, Florida",12,109,1440,50,1390,0,0,0,0,150,25,45,80,725,50,450,225,520,95,135,290,382,80,371,31,31,31,31,110,37,44,90,301,59,223,170,232,96,96,196
2012thru2016,050,05000US12111,"St. Lucie County, Florida",12,111,3565,95,3470,70,0,50,15,790,90,545,155,1375,220,550,600,1235,350,630,255,613,64,600,59,31,52,31,268,57,202,151,475,146,205,402,275,138,215,150
2012thru2016,050,05000US12113,"Santa Rosa County, Florida",12,113,2090,60,2030,305,0,65,240,610,0,350,255,675,25,185,465,440,25,60,355,407,64,410,172,31,76,140,187,31,156,185,280,43,162,233,290,41,58,281
2012thru2016,050,05000US12115,"Sarasota County, Florida",12,115,4265,245,4020,70,15,40,15,480,145,265,70,1360,445,440,475,2110,685,1250,180,485,170,467,52,31,38,29,187,114,145,65,307,194,150,283,331,188,246,109
2012thru2016,050,05000US12117,"Seminole County, Florida",12,117,7035,80,6960,90,0,65,25,650,150,305,195,4355,995,2295,1065,1860,570,875,415,709,57,719,88,31,81,38,239,130,167,147,566,273,427,322,384,236,271,172
2012thru2016,050,05000US12119,"Sumter County, Florida",12,119,1165,95,1065,190,125,30,35,290,80,170,45,140,0,75,65,445,40,300,100,398,66,405,190,185,34,52,119,68,91,43,115,31,61,96,322,66,293,117
2012thru2016,050,05000US12121,"Suwannee County, Florida",12,121,145,55,90,0,0,0,0,50,0,0,50,45,0,45,0,0,0,0,0,131,87,98,28,28,28,28,77,28,28,77,61,28,61,28,28,28,28,28
2012thru2016,050,05000US12123,"Taylor County, Florida",12,123,305,30,275,170,135,0,35,95,0,95,0,15,0,15,0,0,0,0,0,126,46,121,108,101,25,42,82,25,82,25,23,25,23,25,25,25,25,25
2012thru2016,050,05000US12125,"Union County, Florida",12,125,80,0,80,0,0,0,0,40,0,4,35,40,0,15,25,0,0,0,0,53,21,53,21,21,21,21,27,21,9,25,45,21,24,39,21,21,21,21
2012thru2016,050,05000US12127,"Volusia County, Florida",12,127,5275,240,5040,305,105,155,45,565,55,250,260,2685,745,1235,710,1480,555,755,165,560,121,589,149,86,109,51,177,49,115,136,424,243,285,188,322,196,256,108
2012thru2016,050,05000US12129,"Wakulla County, Florida",12,129,145,85,60,4,0,4,0,0,0,0,0,60,0,60,0,0,0,0,0,126,94,90,5,28,5,28,28,28,28,28,91,28,91,28,28,28,28,28
2012thru2016,050,05000US12131,"Walton County, Florida",12,131,1410,70,1335,75,50,0,25,120,0,10,110,280,90,35,155,860,285,125,450,389,88,359,92,84,31,42,94,31,14,96,179,71,45,157,300,171,102,199
2012thru2016,050,05000US12133,"Washington County, Florida",12,133,95,4,90,0,0,0,0,50,0,25,25,40,0,40,0,0,0,0,0,83,25,80,25,25,25,25,52,25,30,44,60,25,60,25,25,25,25,25
2012thru2016,050,05000US13001,"Appling County, Georgia",13,001,125,50,75,40,0,20,20,35,0,20,20,0,0,0,0,0,0,0,0,91,55,73,55,20,33,34,43,20,32,33,20,20,20,20,20,20,20,20
2012thru2016,050,05000US13003,"Atkinson County, Georgia",13,003,105,40,60,45,0,35,10,20,0,20,0,0,0,0,0,0,0,0,0,52,33,39,35,18,31,15,23,18,23,18,18,18,18,18,18,18,18,18
2012thru2016,050,05000US13005,"Bacon County, Georgia",13,005,65,0,65,55,0,40,15,15,0,15,0,0,0,0,0,0,0,0,0,43,20,43,43,20,35,24,24,20,24,20,20,20,20,20,20,20,20,20
2012thru2016,050,05000US13007,"Baker County, Georgia",13,007,15,0,15,15,0,4,10,0,0,0,0,0,0,0,0,0,0,0,0,16,13,16,16,13,10,14,13,13,13,13,13,13,13,13,13,13,13,13
2012thru2016,050,05000US13009,"Baldwin County, Georgia",13,009,575,40,535,45,0,15,30,135,0,100,35,250,40,160,55,100,0,45,60,201,65,185,56,27,25,51,99,27,84,58,149,61,108,85,98,27,66,75
2012thru2016,050,05000US13011,"Banks County, Georgia",13,011,75,35,40,0,0,0,0,35,0,15,20,4,0,4,0,0,0,0,0,54,48,26,20,20,20,20,23,20,20,15,11,20,11,20,20,20,20,20
2012thru2016,050,05000US13013,"Barrow County, Georgia",13,013,440,40,400,50,0,25,25,305,40,130,135,50,25,25,0,0,0,0,0,152,54,150,56,30,39,40,143,44,87,86,53,39,39,30,30,30,30,30
2012thru2016,050,05000US13015,"Bartow County, Georgia",13,015,530,45,485,80,0,45,35,315,155,85,70,85,45,45,0,0,0,0,0,202,72,196,80,30,59,48,161,114,86,83,96,69,68,30,30,30,30,30
2012thru2016,050,05000US13017,"Ben Hill County, Georgia",13,017,0,0,0,0,0,0,0,0,0,0,0,0,0,0,0,0,0,0,0,0,0,20,20,20,20,20,20,20,20,20,20,20,20,20,20,20,20,20
2012thru2016,050,05000US13019,"Berrien County, Georgia",13,019,0,0,0,0,0,0,0,0,0,0,0,0,0,0,0,0,0,0,0,0,20,0,20,20,20,20,0,20,0,20,0,20,20,0,20,20,20,20
2012thru2016,050,05000US13021,"Bibb County, Georgia",13,021,3715,1235,2480,135,10,35,95,1130,170,635,325,1045,470,355,220,165,80,80,10,467,269,408,88,14,40,81,276,110,200,137,308,216,133,148,129,83,96,14
2012thru2016,050,05000US13023,"Bleckley County, Georgia",13,023,130,30,95,45,0,45,0,30,0,30,0,0,0,0,0,25,25,0,0,68,43,66,51,20,51,20,43,20,43,20,20,20,20,20,39,39,20,20
2012thru2016,050,05000US13025,"Brantley County, Georgia",13,025,120,0,120,40,0,40,4,80,0,40,40,0,0,0,0,0,0,0,0,94,20,94,45,20,46,5,83,20,57,61,20,20,20,20,20,20,20,20
2012thru2016,050,05000US13027,"Brooks County, Georgia",13,027,145,0,145,50,0,30,25,40,0,25,15,25,0,25,0,30,30,0,0,82,20,82,50,20,39,39,45,20,36,32,40,20,40,20,42,42,20,20
2012thru2016,050,05000US13029,"Bryan County, Georgia",13,029,165,0,165,25,0,10,15,55,0,15,40,45,0,0,45,40,0,0,40,73,27,73,29,27,22,23,53,27,31,46,53,27,27,53,35,27,27,35
2012thru2016,050,05000US13031,"Bulloch County, Georgia",13,031,1470,210,1260,100,0,100,0,455,115,230,110,425,40,150,235,275,45,80,150,341,134,315,96,30,96,30,183,97,135,77,182,38,111,125,125,55,76,91
2012thru2016,050,05000US13033,"Burke County, Georgia",13,033,170,90,80,45,0,45,0,25,25,0,0,10,0,10,0,0,0,0,0,85,79,60,44,24,44,24,40,40,24,24,15,24,15,24,24,24,24,24
2012thru2016,050,05000US13035,"Butts County, Georgia",13,035,195,85,115,0,0,0,0,55,55,0,0,55,0,0,55,0,0,0,0,126,84,98,24,24,24,24,66,66,24,24,62,24,24,62,24,24,24,24
2012thru2016,050,05000US13037,"Calhoun County, Georgia",13,037,35,4,35,25,10,4,10,10,0,4,4,0,0,0,0,0,0,0,0,24,1,24,24,21,18,15,13,18,8,12,18,18,18,18,18,18,18,18
2012thru2016,050,05000US13039,"Camden County, Georgia",13,039,705,20,685,15,0,10,4,425,50,225,150,195,45,65,85,55,0,20,30,219,24,215,21,30,13,10,168,78,117,124,114,72,69,50,56,30,29,49
2012thru2016,050,05000US13043,"Candler County, Georgia",13,043,80,40,35,4,0,0,4,15,0,15,0,0,0,0,0,20,20,0,0,53,37,43,17,20,20,17,24,20,24,20,20,20,20,20,34,34,20,20
2012thru2016,050,05000US13045,"Carroll County, Georgia",13,045,745,130,615,285,25,150,110,250,20,190,40,80,0,0,80,0,0,0,0,247,117,224,145,41,110,94,152,33,136,68,79,30,30,79,30,30,30,30
2012thru2016,050,05000US13047,"Catoosa County, Georgia",13,047,410,30,375,90,0,90,0,95,40,20,35,160,35,125,0,30,0,0,30,217,47,222,110,30,110,30,91,61,35,58,127,51,115,30,52,30,30,52
2012thru2016,050,05000US13049,"Charlton County, Georgia",13,049,80,0,80,55,0,15,45,25,0,15,4,0,0,0,0,0,0,0,0,74,20,74,71,20,22,60,25,20,23,14,20,20,20,20,20,20,20,20
2012thru2016,050,05000US13051,"Chatham County, Georgia",13,051,4145,250,3895,195,0,70,125,905,105,465,335,1925,500,795,630,870,145,370,355,524,106,513,85,30,58,66,210,77,147,139,383,235,217,204,264,71,201,163
2012thru2016,050,05000US13053,"Chattahoochee County, Georgia",13,053,205,100,105,0,0,0,0,0,0,0,0,25,0,0,25,80,0,15,65,83,73,48,20,20,20,20,20,20,20,20,31,20,20,31,40,20,24,41
2012thru2016,050,05000US13055,"Chattooga County, Georgia",13,055,305,145,160,100,60,4,35,55,30,4,15,4,0,0,4,0,0,0,0,124,92,92,82,68,9,44,44,41,20,17,24,24,24,24,24,24,24,24
2012thru2016,050,05000US13057,"Cherokee County, Georgia",13,057,1250,155,1095,170,30,95,45,410,35,80,295,500,45,265,190,15,10,0,4,399,132,365,138,44,110,72,230,65,59,205,289,60,248,148,21,20,30,30
2012thru2016,050,05000US13059,"Clarke County, Georgia",13,059,2505,145,2360,195,0,110,85,950,300,525,125,925,150,465,310,295,70,120,105,442,101,412,117,30,93,78,225,117,177,85,243,91,170,151,123,60,80,87
2012thru2016,050,05000US13061,"Clay County, Georgia",13,061,0,0,0,0,0,0,0,0,0,0,0,0,0,0,0,0,0,0,0,0,13,0,0,13,0,13,13,13,13,13,13,13,13,13,13,13,13,13
2012thru2016,050,05000US13063,"Clayton County, Georgia",13,063,7705,1165,6540,725,85,310,330,5240,1050,2160,2030,415,110,115,195,160,55,25,80,730,308,676,226,63,143,156,659,279,422,379,154,95,72,103,106,58,41,86
2012thru2016,050,05000US13065,"Clinch County, Georgia",13,065,0,0,0,0,0,0,0,0,0,0,0,0,0,0,0,0,0,0,0,0,18,0,18,18,18,18,0,18,18,0,18,18,18,18,18,18,18,18
2012thru2016,050,05000US13067,"Cobb County, Georgia",13,067,6900,640,6260,400,100,50,250,2645,730,1155,760,2605,690,1140,775,610,165,170,275,795,227,738,189,84,69,187,453,208,326,243,466,236,340,261,259,139,133,167
2012thru2016,050,05000US13069,"Coffee County, Georgia",13,069,295,40,255,115,0,115,4,50,0,40,10,90,0,45,45,0,0,0,0,162,58,151,110,27,110,27,66,27,63,17,102,27,70,73,27,27,27,27
2012thru2016,050,05000US13071,"Colquitt County, Georgia",13,071,510,15,495,140,0,25,110,210,0,130,80,105,0,0,105,35,35,0,0,208,28,207,80,27,31,76,135,27,121,62,116,27,27,116,62,62,27,27
2012thru2016,050,05000US13073,"Columbia County, Georgia",13,073,1320,60,1260,0,0,0,0,140,0,115,25,625,50,310,270,495,225,100,170,393,73,390,30,30,30,30,114,30,105,41,228,75,160,180,255,189,137,121
2012thru2016,050,05000US13075,"Cook County, Georgia",13,075,55,0,55,0,0,0,0,4,0,4,0,50,0,30,20,0,0,0,0,58,20,58,20,20,20,20,3,20,3,20,58,20,48,33,20,20,20,20
2012thru2016,050,05000US13077,"Coweta County, Georgia",13,077,540,95,450,4,0,0,4,225,35,145,45,165,40,85,40,55,0,0,55,222,93,217,7,30,30,7,143,59,118,51,131,65,94,65,63,30,30,63
2012thru2016,050,05000US13079,"Crawford County, Georgia",13,079,55,0,55,4,0,4,0,45,4,40,0,10,0,0,10,0,0,0,0,57,20,57,6,20,6,20,57,20,57,20,13,20,20,13,20,20,20,20
2012thru2016,050,05000US13081,"Crisp County, Georgia",13,081,355,60,295,130,0,15,115,85,0,60,25,80,80,0,0,0,0,0,0,197,56,184,138,24,29,150,84,24,67,39,100,100,24,24,24,24,24,24
2012thru2016,050,05000US13083,"Dade County, Georgia",13,083,105,0,105,15,0,15,0,90,15,75,0,0,0,0,0,0,0,0,0,75,20,75,22,20,22,20,78,28,72,20,20,20,20,20,20,20,20,20
2012thru2016,050,05000US13085,"Dawson County, Georgia",13,085,80,0,80,40,0,0,40,30,0,30,0,15,0,0,15,0,0,0,0,80,24,80,63,24,24,63,46,24,46,24,24,24,24,24,24,24,24,24
2012thru2016,050,05000US13087,"Decatur County, Georgia",13,087,265,25,240,65,20,45,0,115,0,15,95,20,0,0,20,45,45,0,0,155,41,149,75,33,72,24,106,24,29,104,36,24,24,36,70,70,24,24
2012thru2016,050,05000US13089,"DeKalb County, Georgia",13,089,11035,405,10625,450,65,190,195,5390,970,2975,1445,3700,1620,1385,695,1085,565,410,115,825,175,800,219,60,168,113,662,227,456,373,540,330,310,268,294,247,208,68
2012thru2016,050,05000US13091,"Dodge County, Georgia",13,091,180,35,145,20,0,4,15,105,20,30,55,25,0,0,25,0,0,0,0,92,39,85,26,24,4,24,79,28,43,69,37,24,24,37,24,24,24,24
2012thru2016,050,05000US13093,"Dooly County, Georgia",13,093,120,20,100,10,0,0,10,90,0,85,4,0,0,0,0,0,0,0,0,96,25,94,15,20,20,15,91,20,91,2,20,20,20,20,20,20,20,20
2012thru2016,050,05000US13095,"Dougherty County, Georgia",13,095,2145,665,1480,265,40,85,145,635,35,315,290,570,195,225,150,10,4,10,0,407,198,316,125,40,70,97,230,51,146,149,170,129,124,90,20,12,17,30
2012thru2016,050,05000US13097,"Douglas County, Georgia",13,097,1100,75,1025,120,0,50,70,705,230,295,180,205,85,65,50,0,0,0,0,305,81,297,89,30,75,79,248,154,160,118,131,77,75,67,30,30,30,30
2012thru2016,050,05000US13099,"Early County, Georgia",13,099,80,0,80,10,0,0,10,60,20,4,40,4,0,4,0,0,0,0,0,60,20,60,14,20,20,14,56,33,3,46,18,20,18,20,20,20,20,20
2012thru2016,050,05000US13101,"Echols County, Georgia",13,101,35,0,35,4,0,0,4,30,0,0,30,0,0,0,0,0,0,0,0,33,13,33,9,13,13,9,30,13,13,30,13,13,13,13,13,13,13,13
2012thru2016,050,05000US13103,"Effingham County, Georgia",13,103,285,0,285,0,0,0,0,90,0,10,80,130,45,70,15,65,0,25,35,131,30,131,30,30,30,30,77,30,15,75,107,71,77,22,74,30,41,61
2012thru2016,050,05000US13105,"Elbert County, Georgia",13,105,130,90,40,35,0,25,10,4,0,4,0,0,0,0,0,0,0,0,0,89,95,43,43,20,40,14,7,20,7,20,20,20,20,20,20,20,20,20
2012thru2016,050,05000US13107,"Emanuel County, Georgia",13,107,170,90,80,25,0,15,10,30,0,30,0,30,0,30,0,0,0,0,0,101,70,75,28,24,25,15,46,24,46,24,43,24,43,24,24,24,24,24
2012thru2016,050,05000US13109,"Evans County, Georgia",13,109,60,0,60,25,0,25,0,25,0,4,20,4,0,4,0,0,0,0,0,53,20,53,39,20,39,20,34,20,10,35,14,20,14,20,20,20,20,20
2012thru2016,050,05000US13111,"Fannin County, Georgia",13,111,590,10,585,90,0,0,90,165,0,25,140,200,0,10,190,130,30,105,0,280,13,281,96,24,24,96,134,24,40,131,132,24,16,133,125,45,117,24
2012thru2016,050,05000US13113,"Fayette County, Georgia",13,113,480,120,355,20,20,0,0,120,0,85,35,170,0,50,120,45,0,45,0,182,107,160,40,40,30,30,111,30,96,59,147,30,73,127,64,30,64,30
2012thru2016,050,05000US13115,"Floyd County, Georgia",13,115,1620,375,1245,165,15,75,80,640,70,360,205,305,125,120,60,135,120,0,20,320,131,295,121,23,87,78,204,62,171,117,142,93,89,59,95,91,30,32
2012thru2016,050,05000US13117,"Forsyth County, Georgia",13,117,510,20,490,15,0,15,0,70,25,45,0,320,70,55,195,85,20,30,35,169,32,170,24,30,24,30,63,40,48,30,133,66,53,110,63,40,32,41
2012thru2016,050,05000US13119,"Franklin County, Georgia",13,119,205,70,135,25,0,0,25,100,0,55,45,15,0,15,0,0,0,0,0,85,57,84,33,24,24,33,70,24,49,64,18,24,18,24,24,24,24,24
2012thru2016,050,05000US13121,"Fulton County, Georgia",13,121,16910,1350,15565,1055,265,470,320,6410,1635,3505,1270,5675,2625,2275,775,2425,1215,960,245,1166,306,1110,249,113,155,140,720,353,474,287,719,503,403,246,511,322,294,140
2012thru2016,050,05000US13123,"Gilmer County, Georgia",13,123,880,65,815,30,4,25,0,430,10,330,90,350,40,240,70,0,0,0,0,301,75,291,40,15,40,24,248,13,227,101,188,66,136,82,24,24,24,24
2012thru2016,050,05000US13125,"Glascock County, Georgia",13,125,35,0,35,15,0,0,15,25,4,20,0,0,0,0,0,0,0,0,0,34,13,34,21,13,13,21,29,9,30,13,13,13,13,13,13,13,13,13
2012thru2016,050,05000US13127,"Glynn County, Georgia",13,127,1440,70,1370,45,0,45,0,365,0,175,185,540,60,310,170,425,90,245,85,317,76,305,68,30,68,30,178,30,134,137,214,70,168,131,180,99,129,60
2012thru2016,050,05000US13129,"Gordon County, Georgia",13,129,645,65,580,125,0,75,55,215,25,190,4,190,35,150,0,50,30,0,20,227,77,217,114,30,82,86,121,32,117,4,142,61,113,30,59,46,30,38
2012thru2016,050,05000US13131,"Grady County, Georgia",13,131,110,0,110,0,0,0,0,70,4,0,65,40,0,20,20,0,0,0,0,85,24,85,24,24,24,24,79,9,24,79,39,24,31,31,24,24,24,24
2012thru2016,050,05000US13133,"Greene County, Georgia",13,133,250,70,175,45,0,20,25,55,0,4,50,65,0,15,50,4,0,0,4,116,63,87,38,20,17,35,60,20,16,58,56,20,27,42,10,20,20,10
2012thru2016,050,05000US13135,"Gwinnett County, Georgia",13,135,6885,440,6445,285,65,35,185,2720,485,1615,620,3345,625,1285,1435,95,45,20,30,811,225,752,170,74,44,146,475,165,338,272,603,273,328,412,61,49,32,37
2012thru2016,050,05000US13137,"Habersham County, Georgia",13,137,485,45,440,65,10,45,10,150,10,75,70,190,15,80,95,35,0,0,35,154,44,145,50,15,46,14,76,18,53,51,107,26,76,81,57,27,27,57
2012thru2016,050,05000US13139,"Hall County, Georgia",13,139,1345,200,1145,155,0,100,55,340,60,220,65,255,55,115,85,400,230,80,90,349,122,330,93,30,70,66,153,70,129,57,121,62,93,68,201,146,99,75
2012thru2016,050,05000US13141,"Hancock County, Georgia",13,141,170,15,150,60,0,0,60,40,0,40,0,45,0,20,25,0,0,0,0,109,29,106,72,18,18,72,53,18,53,18,51,18,34,41,18,18,18,18
2012thru2016,050,05000US13143,"Haralson County, Georgia",13,143,240,0,240,4,0,0,4,195,0,120,75,40,0,40,0,0,0,0,0,146,24,146,3,24,24,3,131,24,108,83,70,24,70,24,24,24,24,24
2012thru2016,050,05000US13145,"Harris County, Georgia",13,145,60,0,60,20,0,0,20,10,0,10,0,0,0,0,0,30,0,10,25,57,27,57,39,27,27,39,14,27,14,27,27,27,27,27,37,27,15,38
2012thru2016,050,05000US13147,"Hart County, Georgia",13,147,120,45,80,0,0,0,0,4,0,0,4,75,0,0,75,0,0,0,0,112,68,89,24,24,24,24,8,24,24,8,89,24,24,89,24,24,24,24
2012thru2016,050,05000US13149,"Heard County, Georgia",13,149,65,25,40,35,0,4,30,4,0,0,4,0,0,0,0,0,0,0,0,55,37,37,34,20,11,30,18,20,20,18,20,20,20,20,20,20,20,20
2012thru2016,050,05000US13151,"Henry County, Georgia",13,151,1930,270,1660,55,0,0,55,705,0,435,270,900,210,360,335,0,0,0,0,486,196,429,72,30,30,72,258,30,223,152,325,179,215,173,30,30,30,30
2012thru2016,050,05000US13153,"Houston County, Georgia",13,153,1635,135,1495,270,30,135,105,685,45,425,215,540,170,290,80,0,0,0,0,334,91,328,128,52,88,80,239,75,196,112,231,122,197,75,30,30,30,30
2012thru2016,050,05000US13155,"Irwin County, Georgia",13,155,0,0,0,0,0,0,0,0,0,0,0,0,0,0,0,0,0,0,0,18,18,18,18,18,18,18,18,18,18,18,18,18,18,18,18,18,18,18
2012thru2016,050,05000US13157,"Jackson County, Georgia",13,157,525,55,470,55,0,55,0,355,0,320,35,65,0,65,0,0,0,0,0,172,67,166,64,30,64,30,148,30,146,28,72,30,72,30,30,30,30,30
2012thru2016,050,05000US13159,"Jasper County, Georgia",13,159,75,4,75,55,0,0,55,20,15,4,0,0,0,0,0,0,0,0,0,66,4,66,62,20,20,62,26,24,9,20,20,20,20,20,20,20,20,20
2012thru2016,050,05000US13161,"Jeff Davis County, Georgia",13,161,245,4,240,155,0,90,60,40,0,0,40,50,0,0,50,0,0,0,0,132,8,132,113,20,95,74,59,20,20,59,74,20,20,74,20,20,20,20
2012thru2016,050,05000US13163,"Jefferson County, Georgia",13,163,255,100,155,30,20,0,10,70,0,0,70,50,40,10,0,0,0,0,0,116,68,93,29,24,20,14,67,20,20,67,61,59,21,20,20,20,20,20
2012thru2016,050,05000US13165,"Jenkins County, Georgia",13,165,100,35,65,20,0,10,10,45,0,25,20,0,0,0,0,0,0,0,0,76,60,51,25,18,14,17,44,18,30,31,18,18,18,18,18,18,18,18
2012thru2016,050,05000US13167,"Johnson County, Georgia",13,167,75,20,55,25,0,0,25,30,0,30,0,0,0,0,0,0,0,0,0,52,25,48,32,18,18,32,31,18,31,18,18,18,18,18,18,18,18,18
2012thru2016,050,05000US13169,"Jones County, Georgia",13,169,105,0,105,30,0,30,0,0,0,0,0,75,0,0,75,0,0,0,0,95,24,95,48,24,48,24,24,24,24,24,80,24,24,80,24,24,24,24
2012thru2016,050,05000US13171,"Lamar County, Georgia",13,171,265,25,235,70,0,70,0,145,0,40,105,25,0,25,0,0,0,0,0,118,39,121,80,20,80,20,92,20,41,92,28,20,28,20,20,20,20,20
2012thru2016,050,05000US13173,"Lanier County, Georgia",13,173,110,0,110,90,30,35,30,20,0,0,20,0,0,0,0,0,0,0,0,87,20,87,83,46,53,44,32,20,20,32,20,20,20,20,20,20,20,20
2012thru2016,050,05000US13175,"Laurens County, Georgia",13,175,355,80,270,90,50,20,20,115,25,70,20,65,0,65,0,0,0,0,0,151,81,118,62,55,26,28,74,41,57,35,61,27,61,27,27,27,27,27
2012thru2016,050,05000US13177,"Lee County, Georgia",13,177,95,0,95,10,0,0,10,50,0,50,0,35,0,0,35,0,0,0,0,114,24,114,17,24,24,17,77,24,77,24,55,24,24,55,24,24,24,24
2012thru2016,050,05000US13179,"Liberty County, Georgia",13,179,1585,25,1560,55,0,50,4,355,65,200,90,690,40,285,370,455,30,195,230,296,27,293,61,30,59,10,135,86,115,66,191,61,139,129,145,46,86,107
2012thru2016,050,05000US13181,"Lincoln County, Georgia",13,181,55,0,55,10,10,0,0,45,0,0,45,0,0,0,0,0,0,0,0,57,18,57,15,15,18,18,53,18,18,53,18,18,18,18,18,18,18,18
2012thru2016,050,05000US13183,"Long County, Georgia",13,183,390,0,390,125,0,0,125,165,0,50,120,70,0,35,35,25,0,0,25,172,20,172,118,20,20,118,102,20,65,103,80,20,56,53,34,20,20,34
2012thru2016,050,05000US13185,"Lowndes County, Georgia",13,185,1510,280,1230,105,20,65,20,415,115,160,140,570,85,240,245,145,60,50,35,256,106,250,74,32,55,32,135,73,87,105,182,88,116,130,108,72,82,55
2012thru2016,050,05000US13187,"Lumpkin County, Georgia",13,187,165,0,165,0,0,0,0,65,0,0,65,100,0,55,45,0,0,0,0,155,27,155,27,27,27,27,105,27,27,105,115,27,82,80,27,27,27,27
2012thru2016,050,05000US13189,"McDuffie County, Georgia",13,189,250,55,200,140,0,45,95,55,0,55,0,0,0,0,0,0,0,0,0,139,47,133,121,24,73,97,57,24,57,24,24,24,24,24,24,24,24,24
2012thru2016,050,05000US13191,"McIntosh County, Georgia",13,191,0,0,0,0,0,0,0,0,0,0,0,0,0,0,0,0,0,0,0,0,20,0,0,20,20,0,20,20,20,20,0,20,20,0,20,20,20,20
2012thru2016,050,05000US13193,"Macon County, Georgia",13,193,150,40,110,75,0,50,25,30,20,10,0,0,0,0,0,0,0,0,0,86,49,73,70,20,54,43,31,23,20,20,20,20,20,20,20,20,20,20
2012thru2016,050,05000US13195,"Madison County, Georgia",13,195,200,4,195,20,10,0,10,135,0,135,0,40,0,40,0,0,0,0,0,135,10,137,26,17,24,15,115,24,115,24,66,24,66,24,24,24,24,24
2012thru2016,050,05000US13197,"Marion County, Georgia",13,197,80,50,25,15,0,15,0,15,0,15,0,0,0,0,0,0,0,0,0,66,59,32,23,18,23,18,23,18,23,18,18,18,18,18,18,18,18,18
2012thru2016,050,05000US13199,"Meriwether County, Georgia",13,199,105,0,105,25,0,0,25,35,0,4,30,45,0,0,45,0,0,0,0,86,24,86,24,24,24,24,38,24,10,36,76,24,24,76,24,24,24,24
2012thru2016,050,05000US13201,"Miller County, Georgia",13,201,50,0,50,10,0,0,10,0,0,0,0,15,15,0,0,25,0,25,0,48,18,48,17,18,18,17,18,18,18,18,22,22,18,18,40,18,40,18
2012thru2016,050,05000US13205,"Mitchell County, Georgia",13,205,50,4,45,10,0,0,10,35,0,4,30,0,0,0,0,0,0,0,0,45,9,44,18,24,24,18,40,24,10,39,24,24,24,24,24,24,24,24
2012thru2016,050,05000US13207,"Monroe County, Georgia",13,207,185,0,185,55,0,25,30,80,30,25,30,50,0,0,50,0,0,0,0,113,24,113,44,24,39,46,76,44,34,45,61,24,24,61,24,24,24,24
2012thru2016,050,05000US13209,"Montgomery County, Georgia",13,209,80,25,55,10,0,10,0,35,0,35,0,10,0,0,10,0,0,0,0,47,25,43,13,18,13,18,38,18,38,18,15,18,18,15,18,18,18,18
2012thru2016,050,05000US13211,"Morgan County, Georgia",13,211,40,0,40,0,0,0,0,25,0,15,4,15,0,0,15,0,0,0,0,39,20,39,20,20,20,20,31,20,32,10,26,20,20,26,20,20,20,20
2012thru2016,050,05000US13213,"Murray County, Georgia",13,213,250,70,180,65,0,0,65,110,0,110,0,0,0,0,0,10,10,0,0,118,76,103,54,27,27,54,91,27,91,27,27,27,27,27,13,13,27,27
2012thru2016,050,05000US13215,"Muscogee County, Georgia",13,215,2245,305,1945,250,115,95,40,930,190,485,255,530,110,260,160,235,0,80,155,366,129,345,103,70,66,31,236,94,179,111,176,90,134,95,151,30,96,119
2012thru2016,050,05000US13217,"Newton County, Georgia",13,217,370,135,235,40,0,4,30,200,10,40,145,0,0,0,0,0,0,0,0,176,110,127,54,30,10,52,137,19,55,128,30,30,30,30,30,30,30,30
2012thru2016,050,05000US13219,"Oconee County, Georgia",13,219,135,10,125,35,0,0,35,25,0,25,0,65,40,4,25,0,0,0,0,79,14,76,53,27,27,53,43,27,43,27,67,61,6,36,27,27,27,27
2012thru2016,050,05000US13221,"Oglethorpe County, Georgia",13,221,0,0,0,0,0,0,0,0,0,0,0,0,0,0,0,0,0,0,0,0,0,0,20,20,20,20,0,20,0,20,20,20,20,20,20,20,20,20
2012thru2016,050,05000US13223,"Paulding County, Georgia",13,223,600,160,440,60,60,0,0,215,0,145,70,165,0,0,165,0,0,0,0,308,168,269,99,99,30,30,182,30,164,78,168,30,30,168,30,30,30,30
2012thru2016,050,05000US13225,"Peach County, Georgia",13,225,330,50,280,75,0,15,60,155,10,65,80,45,0,10,40,0,0,0,0,137,82,121,59,24,24,56,90,14,54,76,48,24,16,45,24,24,24,24
2012thru2016,050,05000US13227,"Pickens County, Georgia",13,227,255,60,190,15,0,0,15,170,90,55,25,10,0,0,10,0,0,0,0,139,77,117,24,24,24,24,111,76,82,40,15,24,24,15,24,24,24,24
2012thru2016,050,05000US13229,"Pierce County, Georgia",13,229,45,25,20,0,0,0,0,4,0,0,4,15,0,15,0,0,0,0,0,43,34,26,20,20,20,20,8,20,20,8,27,20,27,20,20,20,20,20
2012thru2016,050,05000US13231,"Pike County, Georgia",13,231,90,0,90,75,0,20,55,10,4,4,4,0,0,0,0,0,0,0,0,64,20,64,63,20,21,57,15,1,4,18,20,20,20,20,20,20,20,20
2012thru2016,050,05000US13233,"Polk County, Georgia",13,233,565,280,280,4,0,4,0,260,90,90,80,20,0,15,4,0,0,0,0,215,158,145,6,27,6,27,144,105,81,84,20,27,18,10,27,27,27,27
2012thru2016,050,05000US13235,"Pulaski County, Georgia",13,235,100,10,90,10,0,10,0,60,0,60,0,15,15,0,0,0,0,0,0,95,21,93,20,20,20,20,100,20,100,20,25,25,20,20,20,20,20,20
2012thru2016,050,05000US13237,"Putnam County, Georgia",13,237,440,105,335,90,0,65,25,120,0,120,0,85,0,85,0,40,0,0,40,188,102,171,89,24,81,38,108,24,108,24,93,24,93,24,49,24,24,49
2012thru2016,050,05000US13239,"Quitman County, Georgia",13,239,0,0,0,0,0,0,0,0,0,0,0,0,0,0,0,0,0,0,0,0,13,0,13,13,13,13,0,13,0,13,13,13,13,13,13,13,13,13
2012thru2016,050,05000US13241,"Rabun County, Georgia",13,241,290,4,290,4,0,4,0,220,0,160,60,45,4,15,30,15,0,4,10,120,20,120,11,20,11,20,116,20,92,68,40,20,25,25,14,20,15,14
2012thru2016,050,05000US13243,"Randolph County, Georgia",13,243,0,0,0,0,0,0,0,0,0,0,0,0,0,0,0,0,0,0,0,0,18,0,18,18,18,18,0,18,0,18,18,18,18,18,18,18,18,18
2012thru2016,050,05000US13245,"Richmond County, Georgia",13,245,3425,705,2720,240,90,105,45,1230,250,795,185,1060,435,435,190,190,90,0,100,586,263,502,143,75,100,50,325,109,292,90,300,212,205,127,127,82,30,99
2012thru2016,050,05000US13247,"Rockdale County, Georgia",13,247,1595,140,1455,80,0,30,55,1065,195,570,300,305,45,170,90,0,0,0,0,370,112,357,84,30,46,66,286,121,205,153,171,69,134,91,30,30,30,30
2012thru2016,050,05000US13249,"Schley County, Georgia",13,249,40,0,40,25,0,15,10,15,0,0,15,0,0,0,0,0,0,0,0,31,18,31,19,18,20,13,25,18,18,25,18,18,18,18,18,18,18,18
2012thru2016,050,05000US13251,"Screven County, Georgia",13,251,160,35,125,85,15,60,10,25,0,15,15,15,0,0,15,0,0,0,0,79,24,72,60,22,55,14,29,20,21,23,24,20,20,24,20,20,20,20
2012thru2016,050,05000US13253,"Seminole County, Georgia",13,253,105,55,50,35,15,0,15,20,0,0,20,0,0,0,0,0,0,0,0,71,55,48,39,33,18,27,32,18,18,32,18,18,18,18,18,18,18,18
2012thru2016,050,05000US13255,"Spalding County, Georgia",13,255,1030,500,530,170,20,110,40,360,35,240,85,0,0,0,0,0,0,0,0,274,181,202,108,37,89,43,173,46,142,102,30,30,30,30,30,30,30,30
2012thru2016,050,05000US13257,"Stephens County, Georgia",13,257,395,90,310,100,35,40,25,165,0,130,35,45,0,45,0,0,0,0,0,193,79,182,91,47,59,41,133,24,113,47,65,24,65,24,24,24,24,24
2012thru2016,050,05000US13259,"Stewart County, Georgia",13,259,25,0,25,15,0,4,10,4,4,0,0,0,0,0,0,0,0,0,0,24,18,24,22,18,11,17,11,11,18,18,18,18,18,18,18,18,18,18
2012thru2016,050,05000US13261,"Sumter County, Georgia",13,261,455,0,455,125,60,40,20,210,25,75,110,120,25,70,20,4,4,0,0,170,27,170,118,80,65,35,143,38,87,111,88,42,72,37,10,10,27,27
2012thru2016,050,05000US13263,"Talbot County, Georgia",13,263,30,10,20,20,0,15,10,0,0,0,0,0,0,0,0,0,0,0,0,23,13,19,19,18,19,15,18,18,18,18,18,18,18,18,18,18,18,18
2012thru2016,050,05000US13265,"Taliaferro County, Georgia",13,265,0,0,0,0,0,0,0,0,0,0,0,0,0,0,0,0,0,0,0,0,0,0,13,13,13,13,0,13,0,13,13,13,13,13,13,13,13,13
2012thru2016,050,05000US13267,"Tattnall County, Georgia",13,267,350,75,275,65,20,4,40,140,0,90,55,35,0,0,35,30,0,0,30,122,57,106,47,36,2,34,82,24,66,61,56,24,24,56,50,24,24,50
2012thru2016,050,05000US13269,"Taylor County, Georgia",13,269,75,25,50,50,15,0,40,0,0,0,0,0,0,0,0,0,0,0,0,61,26,58,58,23,18,57,18,18,18,18,18,18,18,18,18,18,18,18
2012thru2016,050,05000US13271,"Telfair County, Georgia",13,271,395,95,295,240,10,105,125,60,0,10,50,0,0,0,0,0,0,0,0,154,71,134,125,14,96,104,58,20,14,56,20,20,20,20,20,20,20,20
2012thru2016,050,05000US13273,"Terrell County, Georgia",13,273,115,110,4,4,0,4,0,0,0,0,0,0,0,0,0,0,0,0,0,69,70,3,3,18,3,18,18,18,18,18,18,18,18,18,18,18,18,18
2012thru2016,050,05000US13275,"Thomas County, Georgia",13,275,355,70,285,50,0,10,40,65,15,25,30,135,40,70,25,40,0,0,40,147,82,145,46,27,18,44,66,25,40,51,122,65,101,32,57,27,27,57
2012thru2016,050,05000US13277,"Tift County, Georgia",13,277,0,0,0,0,0,0,0,0,0,0,0,0,0,0,0,0,0,0,0,27,27,27,27,27,27,27,27,27,27,27,27,27,27,27,27,27,27,27
2012thru2016,050,05000US13279,"Toombs County, Georgia",13,279,420,4,420,215,0,100,115,145,0,95,50,60,25,35,0,0,0,0,0,188,2,189,128,24,79,82,122,24,99,75,64,28,55,24,24,24,24,24
2012thru2016,050,05000US13281,"Towns County, Georgia",13,281,115,4,110,0,0,0,0,45,10,25,10,30,0,30,4,35,15,0,15,64,17,66,20,20,20,20,48,13,41,20,27,20,24,1,33,20,20,27
2012thru2016,050,05000US13283,"Treutlen County, Georgia",13,283,30,15,15,15,0,0,15,0,0,0,0,0,0,0,0,0,0,0,0,29,17,23,23,18,18,23,18,18,18,18,18,18,18,18,18,18,18,18
2012thru2016,050,05000US13285,"Troup County, Georgia",13,285,560,20,540,0,0,0,0,240,40,95,105,280,15,140,125,20,10,0,10,231,24,228,30,30,30,30,143,66,88,77,163,23,120,121,23,15,30,21
2012thru2016,050,05000US13287,"Turner County, Georgia",13,287,0,0,0,0,0,0,0,0,0,0,0,0,0,0,0,0,0,0,0,0,0,0,0,18,18,0,18,18,18,18,18,18,18,18,18,18,18,18
2012thru2016,050,05000US13289,"Twiggs County, Georgia",13,289,25,20,4,4,4,0,0,0,0,0,0,0,0,0,0,0,0,0,0,27,25,9,9,9,18,18,18,18,18,18,18,18,18,18,18,18,18,18
2012thru2016,050,05000US13291,"Union County, Georgia",13,291,225,50,175,55,55,0,0,65,40,25,0,25,0,0,25,25,25,0,0,118,83,122,91,91,24,24,66,61,29,24,32,24,24,32,32,32,24,24
2012thru2016,050,05000US13293,"Upson County, Georgia",13,293,260,30,225,0,0,0,0,85,0,85,0,140,0,130,15,0,0,0,0,153,49,155,24,24,24,24,97,24,97,24,125,24,126,22,24,24,24,24
2012thru2016,050,05000US13295,"Walker County, Georgia",13,295,755,150,605,155,35,35,85,330,100,135,100,65,0,10,55,50,0,0,50,259,102,243,115,58,56,84,165,105,109,98,53,30,22,50,81,30,30,81
2012thru2016,050,05000US13297,"Walton County, Georgia",13,297,500,75,425,220,20,180,20,180,45,25,110,4,0,0,4,25,25,0,0,193,74,183,130,32,124,24,116,67,45,89,30,30,30,30,38,38,30,30
2012thru2016,050,05000US13299,"Ware County, Georgia",13,299,205,100,105,10,0,10,0,95,10,45,40,0,0,0,0,0,0,0,0,105,89,77,18,27,18,27,76,16,68,35,27,27,27,27,27,27,27,27
2012thru2016,050,05000US13301,"Warren County, Georgia",13,301,0,0,0,0,0,0,0,0,0,0,0,0,0,0,0,0,0,0,0,0,18,0,18,18,18,18,0,18,18,0,18,18,18,18,18,18,18,18
2012thru2016,050,05000US13303,"Washington County, Georgia",13,303,230,25,205,100,15,4,80,75,0,20,50,0,0,0,0,35,35,0,0,86,29,86,68,22,6,64,62,24,37,48,24,24,24,24,49,49,24,24
2012thru2016,050,05000US13305,"Wayne County, Georgia",13,305,70,20,50,35,0,35,0,15,0,10,4,0,0,0,0,0,0,0,0,63,31,56,56,27,56,27,24,27,20,15,27,27,27,27,27,27,27,27
2012thru2016,050,05000US13307,"Webster County, Georgia",13,307,0,0,0,0,0,0,0,0,0,0,0,0,0,0,0,0,0,0,0,0,13,0,13,13,13,13,13,13,13,13,0,0,13,13,13,13,13,13
2012thru2016,050,05000US13309,"Wheeler County, Georgia",13,309,45,15,25,4,0,4,0,20,0,15,4,0,0,0,0,0,0,0,0,30,14,25,9,18,9,18,24,18,23,10,18,18,18,18,18,18,18,18
2012thru2016,050,05000US13311,"White County, Georgia",13,311,710,4,705,20,0,10,10,280,0,245,30,270,50,175,45,140,50,90,0,285,2,285,18,24,13,15,181,24,177,45,144,84,122,67,98,40,93,24
2012thru2016,050,05000US13313,"Whitfield County, Georgia",13,313,1390,205,1190,90,60,10,20,520,205,105,210,515,190,320,4,65,65,0,0,373,127,334,67,57,15,35,223,118,97,177,231,111,209,3,94,94,30,30
2012thru2016,050,05000US13315,"Wilcox County, Georgia",13,315,25,4,20,4,0,4,0,20,0,10,10,0,0,0,0,0,0,0,0,22,18,23,18,18,18,18,22,18,15,13,18,18,18,18,18,18,18,18
2012thru2016,050,05000US13317,"Wilkes County, Georgia",13,317,65,30,35,30,0,4,25,4,0,0,4,0,0,0,0,0,0,0,0,55,33,42,43,18,4,41,4,18,18,4,18,18,18,18,18,18,18,18
2012thru2016,050,05000US13319,"Wilkinson County, Georgia",13,319,30,10,20,10,0,10,0,10,0,4,4,0,0,0,0,0,0,0,0,22,13,21,14,18,14,18,13,18,13,4,18,18,18,18,18,18,18,18
2012thru2016,050,05000US13321,"Worth County, Georgia",13,321,135,15,120,85,50,0,30,35,10,0,25,0,0,0,0,0,0,0,0,72,25,75,66,55,24,38,37,16,24,33,24,24,24,24,24,24,24,24
2012thru2016,050,05000US15001,"Hawaii County, Hawaii",15,001,2845,105,2740,470,120,195,155,505,60,220,225,1195,380,520,295,575,60,290,220,451,84,460,192,85,127,102,196,71,139,120,302,182,214,121,183,43,116,128
2012thru2016,050,05000US15003,"Honolulu County, Hawaii",15,003,7470,430,7040,235,55,145,35,1180,580,380,220,3240,1870,785,585,2385,1265,700,420,637,145,606,108,67,84,34,292,184,162,110,415,313,265,188,334,255,202,145
2012thru2016,050,05000US15005,"Kalawao County, Hawaii",15,005,4,4,4,4,4,4,0,4,4,0,0,0,0,0,0,0,0,0,0,13,1,11,1,4,4,11,4,4,11,11,11,11,11,11,11,11,11,11
2012thru2016,050,05000US15007,"Kauai County, Hawaii",15,007,2085,120,1965,365,125,170,70,215,40,85,90,555,170,215,170,835,425,290,120,247,63,240,166,107,98,41,77,36,45,48,128,77,87,63,173,133,125,45
2012thru2016,050,05000US15009,"Maui County, Hawaii",15,009,7805,225,7580,570,175,165,230,675,130,465,80,2600,1265,1015,315,3740,2080,1255,400,580,121,560,180,100,122,92,169,77,145,54,434,273,285,137,462,351,344,174
2012thru2016,050,05000US16001,"Ada County, Idaho",16,001,1515,375,1140,90,0,90,0,360,125,195,35,645,40,405,200,45,45,0,0,425,206,366,92,27,92,27,191,116,138,53,302,66,275,134,61,61,27,27
2012thru2016,050,05000US16003,"Adams County, Idaho",16,003,45,0,45,25,0,4,20,15,0,15,0,4,0,4,0,0,0,0,0,32,11,32,27,11,10,28,16,11,16,11,13,11,13,11,11,11,11,11
2012thru2016,050,05000US16005,"Bannock County, Idaho",16,005,660,55,605,75,25,30,15,440,95,315,30,65,4,45,15,25,0,0,25,186,61,171,59,40,41,33,159,71,130,36,60,27,53,23,45,27,27,45
2012thru2016,050,05000US16007,"Bear Lake County, Idaho",16,007,0,0,0,0,0,0,0,0,0,0,0,0,0,0,0,0,0,0,0,0,16,0,0,0,16,16,16,16,16,16,16,16,16,16,16,16,16,16
2012thru2016,050,05000US16009,"Benewah County, Idaho",16,009,95,0,95,10,0,4,10,35,4,30,4,50,4,45,0,0,0,0,0,68,16,68,12,16,4,12,24,16,22,16,65,4,64,16,16,16,16,16
2012thru2016,050,05000US16011,"Bingham County, Idaho",16,011,230,85,145,60,4,25,30,50,4,40,10,0,0,0,0,35,0,0,35,122,95,100,61,24,35,47,61,8,61,14,24,24,24,24,55,24,24,55
2012thru2016,050,05000US16013,"Blaine County, Idaho",16,013,140,0,140,0,0,0,0,75,15,40,15,70,0,35,35,0,0,0,0,84,21,84,21,21,21,21,73,30,62,24,50,21,35,35,21,21,21,21
2012thru2016,050,05000US16015,"Boise County, Idaho",16,015,20,15,4,4,0,4,4,0,0,0,0,0,0,0,0,0,0,0,0,21,22,12,12,16,5,3,16,16,16,16,16,16,16,16,16,16,16,16
2012thru2016,050,05000US16017,"Bonner County, Idaho",16,017,225,50,180,40,0,20,20,105,45,55,4,10,0,10,0,25,25,0,0,131,70,101,44,24,35,33,70,66,39,9,15,24,15,24,42,42,24,24
2012thru2016,050,05000US16019,"Bonneville County, Idaho",16,019,1055,100,955,80,40,15,25,550,130,300,115,200,55,120,30,125,95,20,10,257,70,266,50,45,19,37,196,97,145,93,114,57,90,45,70,61,36,13
2012thru2016,050,05000US16021,"Boundary County, Idaho",16,021,35,0,35,4,0,4,0,30,15,15,0,0,0,0,0,0,0,0,0,24,18,24,14,18,14,18,25,23,22,18,18,18,18,18,18,18,18,18
2012thru2016,050,05000US16023,"Butte County, Idaho",16,023,55,0,55,35,15,15,4,20,10,10,0,0,0,0,0,0,0,0,0,31,11,31,25,19,20,6,25,13,20,11,11,11,11,11,11,11,11,11
2012thru2016,050,05000US16025,"Camas County, Idaho",16,025,10,0,10,0,0,0,0,10,4,0,10,0,0,0,0,0,0,0,0,12,11,12,11,11,11,11,12,3,11,15,11,11,11,11,11,11,11,11
2012thru2016,050,05000US16027,"Canyon County, Idaho",16,027,855,280,570,115,65,0,45,450,150,185,115,10,0,10,0,0,0,0,0,310,193,220,92,76,27,57,184,86,111,126,13,27,13,27,27,27,27,27
2012thru2016,050,05000US16029,"Caribou County, Idaho",16,029,0,0,0,0,0,0,0,0,0,0,0,0,0,0,0,0,0,0,0,0,0,0,0,16,0,16,16,16,16,16,16,16,16,16,16,16,16,16
2012thru2016,050,05000US16031,"Cassia County, Idaho",16,031,220,65,155,30,0,25,4,90,45,25,20,4,0,0,4,25,25,0,0,103,46,95,40,21,39,6,76,49,38,38,15,21,21,15,39,39,21,21
2012thru2016,050,05000US16033,"Clark County, Idaho",16,033,0,0,0,0,0,0,0,0,0,0,0,0,0,0,0,0,0,0,0,11,11,11,11,11,11,11,11,11,11,11,11,11,11,11,11,11,11,11
2012thru2016,050,05000US16035,"Clearwater County, Idaho",16,035,55,15,35,15,15,4,0,20,4,10,4,0,0,0,0,0,0,0,0,24,14,19,14,14,4,16,15,9,13,7,16,16,16,16,16,16,16,16
2012thru2016,050,05000US16037,"Custer County, Idaho",16,037,110,20,90,15,10,0,10,75,10,30,35,0,0,0,0,0,0,0,0,45,23,42,22,15,11,13,41,13,30,24,11,11,11,11,11,11,11,11
2012thru2016,050,05000US16039,"Elmore County, Idaho",16,039,305,0,305,65,10,40,15,70,10,60,0,105,0,40,65,70,10,0,55,156,21,156,67,14,63,21,62,14,60,21,102,21,65,81,84,22,21,82
2012thru2016,050,05000US16041,"Franklin County, Idaho",16,041,0,0,0,0,0,0,0,0,0,0,0,0,0,0,0,0,0,0,0,18,18,18,18,18,18,18,18,18,18,18,18,18,18,18,18,18,18,18
2012thru2016,050,05000US16043,"Fremont County, Idaho",16,043,125,4,120,40,0,30,10,75,20,0,55,0,0,0,0,4,4,0,0,61,3,61,38,18,34,20,55,26,18,47,18,18,18,18,6,6,18,18
2012thru2016,050,05000US16045,"Gem County, Idaho",16,045,115,45,70,0,0,0,0,70,0,70,0,0,0,0,0,0,0,0,0,104,67,60,18,18,18,18,60,18,60,18,18,18,18,18,18,18,18,18
2012thru2016,050,05000US16047,"Gooding County, Idaho",16,047,20,4,20,0,0,0,0,20,0,4,15,0,0,0,0,0,0,0,0,18,4,18,18,18,18,18,18,18,9,15,18,18,18,18,18,18,18,18
2012thru2016,050,05000US16049,"Idaho County, Idaho",16,049,160,15,145,10,4,4,0,95,80,4,10,40,0,0,40,0,0,0,0,98,27,99,14,10,10,18,79,79,9,12,62,18,18,62,18,18,18,18
2012thru2016,050,05000US16051,"Jefferson County, Idaho",16,051,75,0,75,0,0,0,0,25,0,20,4,50,0,4,45,0,0,0,0,67,21,67,21,21,21,21,21,21,19,7,64,21,15,61,21,21,21,21
2012thru2016,050,05000US16053,"Jerome County, Idaho",16,053,125,0,125,0,0,0,0,90,20,45,25,35,0,0,35,0,0,0,0,86,21,86,21,21,21,21,65,30,53,35,52,21,21,52,21,21,21,21
2012thru2016,050,05000US16055,"Kootenai County, Idaho",16,055,890,145,745,4,0,4,4,180,4,140,35,325,75,155,95,235,45,190,0,304,104,284,9,27,3,5,117,11,105,40,130,77,111,56,225,70,219,27
2012thru2016,050,05000US16057,"Latah County, Idaho",16,057,210,0,210,4,0,4,0,155,35,120,0,50,4,45,0,0,0,0,0,129,24,129,17,24,17,24,111,44,100,24,68,12,68,24,24,24,24,24
2012thru2016,050,05000US16059,"Lemhi County, Idaho",16,059,100,4,90,60,35,10,10,35,25,10,0,0,0,0,0,0,0,0,0,63,12,67,54,57,17,20,41,38,19,16,16,16,16,16,16,16,16,16
2012thru2016,050,05000US16061,"Lewis County, Idaho",16,061,30,4,25,4,0,4,4,10,4,4,4,4,4,0,0,0,0,0,0,16,10,15,4,11,11,1,12,4,7,9,13,13,11,11,11,11,11,11
2012thru2016,050,05000US16063,"Lincoln County, Idaho",16,063,55,0,55,0,0,0,0,30,10,20,0,25,10,0,15,0,0,0,0,35,16,35,16,16,16,16,25,14,21,16,26,15,16,23,16,16,16,16
2012thru2016,050,05000US16065,"Madison County, Idaho",16,065,1515,0,1515,485,40,55,390,105,0,65,40,210,155,0,55,715,0,65,650,298,24,298,211,49,53,214,70,24,61,47,158,142,24,63,226,24,62,231
2012thru2016,050,05000US16067,"Minidoka County, Idaho",16,067,105,0,105,0,0,0,0,70,15,50,0,35,35,0,0,0,0,0,0,96,21,96,21,21,21,21,63,29,56,21,55,55,21,21,21,21,21,21
2012thru2016,050,05000US16069,"Nez Perce County, Idaho",16,069,270,50,220,4,0,4,0,150,35,85,30,70,65,4,0,0,0,0,0,122,63,108,3,24,3,24,98,50,78,39,75,75,4,24,24,24,24,24
2012thru2016,050,05000US16071,"Oneida County, Idaho",16,071,0,0,0,0,0,0,0,0,0,0,0,0,0,0,0,0,0,0,0,0,11,0,11,11,11,11,0,0,11,11,11,11,11,11,11,11,11,11
2012thru2016,050,05000US16073,"Owyhee County, Idaho",16,073,45,0,45,30,30,0,0,15,0,15,0,0,0,0,0,0,0,0,0,40,18,40,35,35,18,18,22,18,22,18,18,18,18,18,18,18,18,18
2012thru2016,050,05000US16075,"Payette County, Idaho",16,075,115,0,115,0,0,0,0,50,0,10,40,65,0,65,0,0,0,0,0,99,21,99,21,21,21,21,67,21,13,59,71,21,71,21,21,21,21,21
2012thru2016,050,05000US16077,"Power County, Idaho",16,077,55,0,55,30,0,30,0,30,0,30,0,0,0,0,0,0,0,0,0,61,16,61,39,16,39,16,44,16,44,16,16,16,16,16,16,16,16,16
2012thru2016,050,05000US16079,"Shoshone County, Idaho",16,079,115,4,110,15,10,10,0,80,20,55,4,15,10,0,4,0,0,0,0,57,4,55,12,15,11,18,51,19,50,18,17,14,18,10,18,18,18,18
2012thru2016,050,05000US16081,"Teton County, Idaho",16,081,210,10,205,45,0,0,45,85,20,30,35,15,0,15,0,60,0,40,15,115,15,119,71,18,18,71,61,19,35,38,24,18,24,18,68,18,61,32
2012thru2016,050,05000US16083,"Twin Falls County, Idaho",16,083,520,0,520,65,10,45,4,155,60,55,40,260,65,55,135,45,20,20,0,171,27,171,59,23,55,19,80,55,89,42,155,63,83,118,47,37,40,27
2012thru2016,050,05000US16085,"Valley County, Idaho",16,085,0,0,0,0,0,0,0,0,0,0,0,0,0,0,0,0,0,0,0,16,16,16,16,16,16,16,16,16,16,16,16,16,16,16,16,16,16,16
2012thru2016,050,05000US16087,"Washington County, Idaho",16,087,30,0,30,4,4,0,0,25,20,0,4,0,0,0,0,0,0,0,0,32,18,32,18,18,18,18,30,31,18,10,18,18,18,18,18,18,18,18
2012thru2016,050,05000US17001,"Adams County, Illinois",17,001,520,100,420,120,60,30,30,240,145,85,10,60,15,0,45,0,0,0,0,162,69,146,74,47,37,41,98,74,58,15,73,19,26,70,26,26,26,26
2012thru2016,050,05000US17003,"Alexander County, Illinois",17,003,130,70,60,60,0,35,25,0,0,0,0,0,0,0,0,0,0,0,0,58,37,44,44,15,32,29,15,15,15,15,15,15,15,15,15,15,15,15
2012thru2016,050,05000US17005,"Bond County, Illinois",17,005,290,10,280,165,75,90,0,10,10,0,0,25,0,15,10,80,80,0,0,129,13,129,121,92,93,17,23,23,17,17,29,17,24,20,82,82,17,17
2012thru2016,050,05000US17007,"Boone County, Illinois",17,007,120,0,120,0,0,0,0,60,15,45,0,60,0,0,60,0,0,0,0,118,26,118,26,26,26,26,62,38,64,26,94,26,26,94,26,26,26,26
2012thru2016,050,05000US17009,"Brown County, Illinois",17,009,0,0,0,0,0,0,0,0,0,0,0,0,0,0,0,0,0,0,0,0,15,0,0,15,0,15,0,15,0,15,15,15,15,15,15,15,15,15
2012thru2016,050,05000US17011,"Bureau County, Illinois",17,011,310,100,210,120,60,50,15,80,35,35,15,4,4,0,0,0,0,0,0,110,77,88,68,47,47,16,57,44,44,14,10,10,23,23,23,23,23,23
2012thru2016,050,05000US17013,"Calhoun County, Illinois",17,013,45,4,40,25,25,0,0,4,0,4,0,15,0,0,15,0,0,0,0,29,2,29,22,22,11,11,3,11,3,11,20,11,11,20,11,11,11,11
2012thru2016,050,05000US17015,"Carroll County, Illinois",17,015,85,10,75,0,0,0,0,65,20,20,25,15,10,4,0,0,0,0,0,55,13,53,17,17,17,17,51,31,23,38,18,13,17,17,17,17,17,17
2012thru2016,050,05000US17017,"Cass County, Illinois",17,017,95,10,85,40,15,15,10,45,30,15,0,0,0,0,0,0,0,0,0,57,14,55,39,25,22,15,38,32,24,17,17,17,17,17,17,17,17,17
2012thru2016,050,05000US17019,"Champaign County, Illinois",17,019,3530,65,3465,420,150,125,145,1910,930,790,185,755,420,85,255,380,350,10,20,469,62,450,172,109,103,86,357,256,203,114,221,167,74,135,156,154,13,19
2012thru2016,050,05000US17021,"Christian County, Illinois",17,021,200,40,160,75,25,10,40,70,30,40,0,0,0,0,0,10,10,0,0,96,46,82,56,26,17,46,65,40,51,23,23,23,23,23,14,14,23,23
2012thru2016,050,05000US17023,"Clark County, Illinois",17,023,100,0,100,80,55,25,0,0,0,0,0,25,0,25,0,0,0,0,0,81,17,81,70,65,30,17,17,17,17,17,40,17,40,17,17,17,17,17
2012thru2016,050,05000US17025,"Clay County, Illinois",17,025,0,0,0,0,0,0,0,0,0,0,0,0,0,0,0,0,0,0,0,0,17,0,0,17,0,0,17,17,17,17,17,17,17,17,17,17,17,17
2012thru2016,050,05000US17027,"Clinton County, Illinois",17,027,110,60,55,20,0,20,0,20,20,0,0,0,0,0,0,10,10,0,0,84,69,46,22,23,22,23,36,36,23,23,23,23,23,23,19,19,23,23
2012thru2016,050,05000US17029,"Coles County, Illinois",17,029,905,80,825,195,95,100,0,340,115,180,50,225,40,130,55,60,25,35,0,247,70,227,111,78,83,26,131,79,93,64,136,48,117,67,68,38,56,26
2012thru2016,050,05000US17031,"Cook County, Illinois",17,031,54685,7480,47205,4910,1535,1620,1755,19800,7635,8090,4075,14995,7250,4960,2790,7500,3605,2885,1005,1672,570,1621,474,268,258,285,931,657,678,476,1039,778,565,344,747,648,546,276
2012thru2016,050,05000US17033,"Crawford County, Illinois",17,033,110,20,90,10,10,0,0,60,30,20,10,20,0,20,0,0,0,0,0,68,33,60,13,13,17,17,51,41,30,19,28,17,28,17,17,17,17,17
2012thru2016,050,05000US17035,"Cumberland County, Illinois",17,035,0,0,0,0,0,0,0,0,0,0,0,0,0,0,0,0,0,0,0,0,17,0,0,17,0,0,17,17,17,17,17,17,17,17,17,17,17,17
2012thru2016,050,05000US17037,"DeKalb County, Illinois",17,037,735,100,640,4,0,0,4,445,115,195,135,190,35,30,125,0,0,0,0,227,83,213,9,26,26,9,188,92,134,100,100,57,44,111,26,26,26,26
2012thru2016,050,05000US17039,"De Witt County, Illinois",17,039,135,4,125,95,15,80,0,4,0,4,0,0,0,0,0,25,25,0,0,98,18,97,77,25,73,17,11,17,11,17,17,17,17,17,38,38,17,17
2012thru2016,050,05000US17041,"Douglas County, Illinois",17,041,220,60,160,55,45,0,10,105,60,45,0,0,0,0,0,0,0,0,0,102,58,85,48,49,17,15,75,57,54,17,17,17,17,17,17,17,17,17
2012thru2016,050,05000US17043,"DuPage County, Illinois",17,043,4710,330,4380,35,0,15,20,775,310,380,80,2780,1030,1360,395,790,385,240,165,556,150,529,45,26,27,34,250,159,176,71,473,279,327,164,229,155,124,86
2012thru2016,050,05000US17045,"Edgar County, Illinois",17,045,175,10,165,35,0,20,10,130,75,55,0,0,0,0,0,0,0,0,0,110,14,109,25,17,22,17,102,83,62,17,17,17,17,17,17,17,17,17
2012thru2016,050,05000US17047,"Edwards County, Illinois",17,047,35,0,35,35,0,25,15,0,0,0,0,0,0,0,0,0,0,0,0,35,15,35,35,15,28,23,15,15,15,15,15,15,15,15,15,15,15,15
2012thru2016,050,05000US17049,"Effingham County, Illinois",17,049,165,60,105,45,0,35,10,60,45,15,0,0,0,0,0,0,0,0,0,77,52,78,41,23,40,15,66,52,28,23,23,23,23,23,23,23,23,23
2012thru2016,050,05000US17051,"Fayette County, Illinois",17,051,175,25,150,65,30,35,0,80,35,45,0,10,10,0,0,0,0,0,0,72,27,68,43,29,30,20,49,25,45,20,14,14,20,20,20,20,20,20
2012thru2016,050,05000US17053,"Ford County, Illinois",17,053,50,0,50,30,0,0,30,25,25,0,0,0,0,0,0,0,0,0,0,69,17,69,44,17,17,44,40,40,17,17,17,17,17,17,17,17,17,17
2012thru2016,050,05000US17055,"Franklin County, Illinois",17,055,265,45,215,55,0,45,10,140,25,60,55,0,0,0,0,20,20,0,0,133,38,128,38,23,35,13,106,42,55,65,23,23,23,23,37,37,23,23
2012thru2016,050,05000US17057,"Fulton County, Illinois",17,057,265,95,175,55,45,0,10,105,75,20,10,10,10,0,0,0,0,0,0,102,59,93,38,35,23,13,85,82,26,20,15,15,23,23,23,23,23,23
2012thru2016,050,05000US17059,"Gallatin County, Illinois",17,059,30,0,30,25,10,4,10,10,10,0,0,0,0,0,0,0,0,0,0,22,15,22,24,14,9,18,14,14,15,15,15,15,15,15,15,15,15,15
2012thru2016,050,05000US17061,"Greene County, Illinois",17,061,90,15,75,45,20,20,4,30,10,4,15,0,0,0,0,0,0,0,0,51,17,47,40,24,32,12,29,15,9,27,17,17,17,17,17,17,17,17
2012thru2016,050,05000US17063,"Grundy County, Illinois",17,063,215,0,215,10,0,10,0,175,4,160,10,30,30,0,0,0,0,0,0,108,26,108,14,26,14,26,107,12,104,18,44,44,26,26,26,26,26,26
2012thru2016,050,05000US17065,"Hamilton County, Illinois",17,065,0,0,0,0,0,0,0,0,0,0,0,0,0,0,0,0,0,0,0,0,0,0,0,15,15,0,15,15,15,15,15,15,15,15,15,15,15,15
2012thru2016,050,05000US17067,"Hancock County, Illinois",17,067,235,15,215,75,25,4,45,115,55,45,15,25,0,25,0,0,0,0,0,97,21,96,61,23,13,53,63,41,38,18,35,17,35,17,17,17,17,17
2012thru2016,050,05000US17069,"Hardin County, Illinois",17,069,25,4,25,25,0,20,4,0,0,0,0,0,0,0,0,0,0,0,0,20,5,19,19,11,16,8,11,11,11,11,11,11,11,11,11,11,11,11
2012thru2016,050,05000US17071,"Henderson County, Illinois",17,071,0,0,0,0,0,0,0,0,0,0,0,0,0,0,0,0,0,0,0,0,15,0,0,0,15,15,15,15,15,15,15,15,15,15,15,15,15,15
2012thru2016,050,05000US17073,"Henry County, Illinois",17,073,285,115,170,120,75,45,0,50,50,0,0,0,0,0,0,0,0,0,0,145,89,115,89,58,60,23,76,76,23,23,23,23,23,23,23,23,23,23
2012thru2016,050,05000US17075,"Iroquois County, Illinois",17,075,155,45,110,50,20,20,10,25,10,0,20,4,0,0,4,30,30,4,0,67,40,59,46,23,39,18,32,13,20,31,1,20,20,1,33,34,20,20
2012thru2016,050,05000US17077,"Jackson County, Illinois",17,077,2270,325,1950,480,80,315,85,1050,345,560,145,365,155,205,0,60,0,15,40,372,158,337,171,67,148,68,255,138,198,84,143,106,115,26,54,26,29,46
2012thru2016,050,05000US17079,"Jasper County, Illinois",17,079,45,0,45,45,25,20,0,4,4,0,0,0,0,0,0,0,0,0,0,50,15,50,49,38,30,15,3,3,15,15,15,15,15,15,15,15,15,15
2012thru2016,050,05000US17081,"Jefferson County, Illinois",17,081,155,45,110,50,20,15,15,40,20,15,4,20,20,0,0,0,0,0,0,76,39,61,37,26,23,23,42,35,22,23,23,23,23,23,23,23,23,23
2012thru2016,050,05000US17083,"Jersey County, Illinois",17,083,105,15,90,50,45,0,4,40,0,40,0,0,0,0,0,0,0,0,0,85,26,81,61,59,20,4,59,20,59,20,20,20,20,20,20,20,20,20
2012thru2016,050,05000US17085,"Jo Daviess County, Illinois",17,085,250,0,250,70,15,40,15,120,70,4,45,35,20,15,0,25,15,15,0,113,20,113,35,17,30,15,105,84,10,57,34,23,23,20,29,17,24,20
2012thru2016,050,05000US17087,"Johnson County, Illinois",17,087,25,10,15,15,10,0,4,4,0,0,4,0,0,0,0,0,0,0,0,22,16,16,18,15,17,10,4,17,17,4,17,17,17,17,17,17,17,17
2012thru2016,050,05000US17089,"Kane County, Illinois",17,089,2440,170,2270,125,0,90,30,1000,375,495,135,705,80,425,195,440,155,45,245,503,84,495,142,26,129,53,259,147,197,80,301,58,257,118,285,91,56,254
2012thru2016,050,05000US17091,"Kankakee County, Illinois",17,091,1205,115,1090,190,15,100,75,535,115,345,75,300,75,220,10,60,35,25,0,260,68,249,99,23,80,62,168,61,142,52,155,61,142,13,56,40,39,26
2012thru2016,050,05000US17093,"Kendall County, Illinois",17,093,105,0,105,10,0,4,4,80,0,40,40,15,0,10,4,0,0,0,0,79,26,79,15,26,10,10,78,26,62,46,18,26,14,9,26,26,26,26
2012thru2016,050,05000US17095,"Knox County, Illinois",17,095,350,215,135,30,30,0,0,45,10,35,0,30,30,0,0,25,0,25,0,157,124,91,44,44,26,26,42,17,40,26,51,51,26,26,42,26,42,26
2012thru2016,050,05000US17097,"Lake County, Illinois",17,097,4410,425,3990,180,75,65,45,1605,480,775,350,1515,445,525,545,690,75,370,245,566,133,559,100,68,61,43,340,191,233,144,328,187,190,192,205,74,185,126
2012thru2016,050,05000US17099,"LaSalle County, Illinois",17,099,890,30,860,320,170,105,40,450,120,275,60,90,4,80,4,0,0,0,0,252,37,247,128,98,71,36,180,79,148,48,71,2,70,10,26,26,26,26
2012thru2016,050,05000US17101,"Lawrence County, Illinois",17,101,55,30,25,25,0,4,20,0,0,0,0,0,0,0,0,0,0,0,0,52,42,26,26,17,10,24,17,17,17,17,17,17,17,17,17,17,17,17
2012thru2016,050,05000US17103,"Lee County, Illinois",17,103,310,0,310,85,0,85,0,205,15,190,0,0,0,0,0,20,20,0,0,159,23,159,73,23,73,23,149,25,144,23,23,23,23,23,23,23,23,23
2012thru2016,050,05000US17105,"Livingston County, Illinois",17,105,335,105,230,55,0,35,20,140,30,90,20,35,25,0,10,0,0,0,0,132,86,103,55,23,44,26,80,47,66,35,42,38,23,16,23,23,23,23
2012thru2016,050,05000US17107,"Logan County, Illinois",17,107,145,20,125,35,10,0,25,90,60,30,0,0,0,0,0,0,0,0,0,81,35,71,38,15,20,35,60,55,30,20,20,20,20,20,20,20,20,20
2012thru2016,050,05000US17109,"McDonough County, Illinois",17,109,905,50,855,250,80,30,140,355,80,230,45,225,65,55,105,20,0,20,0,216,45,211,125,73,51,94,180,63,147,49,132,67,66,98,37,23,37,23
2012thru2016,050,05000US17111,"McHenry County, Illinois",17,111,1075,90,985,40,0,40,0,430,95,225,110,400,55,100,245,115,20,95,0,259,86,250,51,26,51,26,159,82,116,86,161,66,64,129,97,32,92,26
2012thru2016,050,05000US17113,"McLean County, Illinois",17,113,1695,40,1650,300,140,60,95,1005,430,420,155,260,90,65,110,90,4,0,80,399,34,392,143,104,57,86,305,175,182,114,139,86,52,89,76,19,26,75
2012thru2016,050,05000US17115,"Macon County, Illinois",17,115,1000,75,925,95,0,40,55,580,145,295,145,130,65,15,50,120,80,0,40,248,64,246,60,26,40,53,166,90,120,80,109,76,23,56,100,89,26,43
2012thru2016,050,05000US17117,"Macoupin County, Illinois",17,117,320,25,295,75,0,0,75,165,55,100,4,55,0,55,0,0,0,0,0,163,35,159,64,23,23,64,109,72,79,10,85,23,85,23,23,23,23,23
2012thru2016,050,05000US17119,"Madison County, Illinois",17,119,2055,635,1425,250,70,170,10,1005,380,495,135,125,55,50,20,40,0,40,0,365,195,328,108,67,96,19,299,182,187,111,89,52,68,32,64,26,64,26
2012thru2016,050,05000US17121,"Marion County, Illinois",17,121,315,55,260,70,55,15,0,145,65,25,60,0,0,0,0,40,25,20,0,123,52,122,63,60,17,23,94,57,33,59,23,23,23,23,46,37,33,23
2012thru2016,050,05000US17123,"Marshall County, Illinois",17,123,80,10,65,10,10,0,0,60,25,25,4,0,0,0,0,0,0,0,0,44,18,43,14,14,17,17,40,30,26,12,17,17,17,17,17,17,17,17
2012thru2016,050,05000US17125,"Mason County, Illinois",17,125,0,0,0,0,0,0,0,0,0,0,0,0,0,0,0,0,0,0,0,0,0,0,17,17,17,17,0,17,17,0,17,17,17,17,17,17,17,17
2012thru2016,050,05000US17127,"Massac County, Illinois",17,127,0,0,0,0,0,0,0,0,0,0,0,0,0,0,0,0,0,0,0,0,17,0,17,17,17,17,0,17,0,17,17,17,17,17,17,17,17,17
2012thru2016,050,05000US17129,"Menard County, Illinois",17,129,25,0,25,4,0,4,0,20,0,20,0,0,0,0,0,0,0,0,0,23,17,23,5,17,5,17,22,17,22,17,17,17,17,17,17,17,17,17
2012thru2016,050,05000US17131,"Mercer County, Illinois",17,131,40,0,40,0,0,0,0,40,35,4,0,0,0,0,0,0,0,0,0,44,17,44,17,17,17,17,44,38,10,17,17,17,17,17,17,17,17,17
2012thru2016,050,05000US17133,"Monroe County, Illinois",17,133,115,80,35,4,4,4,0,25,0,0,25,0,0,0,0,0,0,0,0,99,92,42,15,23,4,23,41,23,23,41,23,23,23,23,23,23,23,23
2012thru2016,050,05000US17135,"Montgomery County, Illinois",17,135,160,10,150,90,35,15,40,45,40,0,4,10,10,0,0,0,0,0,0,67,15,67,48,39,23,40,46,45,20,2,21,21,20,20,20,20,20,20
2012thru2016,050,05000US17137,"Morgan County, Illinois",17,137,250,25,225,115,25,80,10,110,25,85,0,0,0,0,0,0,0,0,0,131,40,126,103,32,97,13,74,39,66,23,23,23,23,23,23,23,23,23
2012thru2016,050,05000US17139,"Moultrie County, Illinois",17,139,75,45,30,15,0,4,10,10,10,0,0,4,4,0,0,0,0,0,0,53,46,26,19,17,10,14,14,14,17,17,8,8,17,17,17,17,17,17
2012thru2016,050,05000US17141,"Ogle County, Illinois",17,141,380,55,325,100,55,35,10,185,25,110,50,0,0,0,0,40,40,0,0,139,79,129,70,56,36,18,107,41,77,65,26,26,26,26,63,63,26,26
2012thru2016,050,05000US17143,"Peoria County, Illinois",17,143,2115,190,1925,585,155,240,195,1030,360,585,85,305,170,70,65,0,0,0,0,314,97,299,165,113,112,85,224,165,160,67,137,118,70,58,26,26,26,26
2012thru2016,050,05000US17145,"Perry County, Illinois",17,145,545,120,425,290,35,205,50,135,85,50,4,0,0,0,0,0,0,0,0,180,115,172,162,44,143,54,87,68,55,8,20,20,20,20,20,20,20,20
2012thru2016,050,05000US17147,"Piatt County, Illinois",17,147,90,45,45,30,10,20,0,15,0,15,0,0,0,0,0,0,0,0,0,75,68,28,23,15,23,17,21,17,21,17,17,17,17,17,17,17,17,17
2012thru2016,050,05000US17149,"Pike County, Illinois",17,149,70,4,65,45,10,35,0,20,15,4,0,0,0,0,0,0,0,0,0,37,15,34,31,15,26,17,17,16,5,17,17,17,17,17,17,17,17,17
2012thru2016,050,05000US17151,"Pope County, Illinois",17,151,0,0,0,0,0,0,0,0,0,0,0,0,0,0,0,0,0,0,0,0,11,0,0,0,11,11,11,11,11,11,11,11,11,11,11,11,11,11
2012thru2016,050,05000US17153,"Pulaski County, Illinois",17,153,45,4,40,30,15,10,4,4,0,4,0,4,4,0,0,0,0,0,0,28,15,27,24,17,14,9,17,15,17,15,10,10,15,15,15,15,15,15
2012thru2016,050,05000US17155,"Putnam County, Illinois",17,155,0,0,0,0,0,0,0,0,0,0,0,0,0,0,0,0,0,0,0,0,15,0,0,0,15,15,15,15,15,15,15,15,15,15,15,15,15,15
2012thru2016,050,05000US17157,"Randolph County, Illinois",17,157,280,25,255,120,0,65,55,130,80,45,4,4,0,4,0,0,0,0,0,111,19,108,76,23,38,60,68,57,36,10,7,23,7,23,23,23,23,23
2012thru2016,050,05000US17159,"Richland County, Illinois",17,159,140,40,100,35,20,15,0,70,45,0,25,0,0,0,0,0,0,0,0,83,44,73,37,32,25,17,60,49,17,32,17,17,17,17,17,17,17,17
2012thru2016,050,05000US17161,"Rock Island County, Illinois",17,161,1865,110,1755,365,110,155,100,1085,400,335,350,170,50,80,45,135,135,0,0,374,72,370,132,66,92,92,310,154,149,149,98,57,71,57,75,75,26,26
2012thru2016,050,05000US17163,"St. Clair County, Illinois",17,163,2140,270,1870,500,130,215,150,1005,295,455,260,315,90,135,95,50,45,0,4,414,119,398,202,98,119,103,304,164,220,148,189,99,108,104,75,73,26,8
2012thru2016,050,05000US17165,"Saline County, Illinois",17,165,125,55,70,4,0,0,4,65,35,25,4,0,0,0,0,0,0,0,0,71,54,62,20,20,20,20,61,54,25,10,20,20,20,20,20,20,20,20
2012thru2016,050,05000US17167,"Sangamon County, Illinois",17,167,1275,40,1235,190,135,25,30,730,225,415,90,260,135,90,40,50,0,50,0,314,29,312,115,99,37,32,198,112,154,63,148,97,91,65,79,26,79,26
2012thru2016,050,05000US17169,"Schuyler County, Illinois",17,169,90,0,90,30,0,30,0,35,0,35,0,0,0,0,0,25,25,0,0,69,15,69,39,15,39,15,51,15,51,15,15,15,15,15,40,40,15,15
2012thru2016,050,05000US17171,"Scott County, Illinois",17,171,35,4,30,30,0,15,15,0,0,0,0,0,0,0,0,0,0,0,0,31,5,31,31,15,19,28,15,15,15,15,15,15,15,15,15,15,15,15
2012thru2016,050,05000US17173,"Shelby County, Illinois",17,173,80,0,80,45,0,30,15,35,0,35,0,0,0,0,0,0,0,0,0,51,20,51,40,20,35,17,40,20,40,20,20,20,20,20,20,20,20,20
2012thru2016,050,05000US17175,"Stark County, Illinois",17,175,40,20,25,10,10,0,0,15,15,0,0,0,0,0,0,0,0,0,0,29,23,26,15,15,15,15,23,23,15,15,15,15,15,15,15,15,15,15
2012thru2016,050,05000US17177,"Stephenson County, Illinois",17,177,470,0,470,140,30,85,25,305,50,160,95,25,25,0,0,0,0,0,0,188,23,188,88,45,63,32,134,60,105,77,40,40,23,23,23,23,23,23
2012thru2016,050,05000US17179,"Tazewell County, Illinois",17,179,970,285,690,85,40,45,0,405,205,80,120,25,4,20,0,175,100,50,25,286,124,273,94,64,68,26,209,147,62,91,26,10,25,26,103,89,56,42
2012thru2016,050,05000US17181,"Union County, Illinois",17,181,110,0,110,45,10,4,25,65,25,35,4,0,0,0,0,0,0,0,0,61,17,61,34,17,20,26,55,37,42,17,17,17,17,17,17,17,17,17
2012thru2016,050,05000US17183,"Vermilion County, Illinois",17,183,1125,110,1015,355,160,120,75,510,315,120,80,120,105,20,0,25,25,0,0,248,78,258,155,105,89,55,175,146,76,67,82,77,23,26,43,43,26,26
2012thru2016,050,05000US17185,"Wabash County, Illinois",17,185,150,0,150,30,15,20,0,100,75,25,0,20,20,0,0,0,0,0,0,84,17,84,35,19,31,17,71,64,36,17,31,31,17,17,17,17,17,17
2012thru2016,050,05000US17187,"Warren County, Illinois",17,187,175,0,175,55,0,0,55,120,55,50,15,0,0,0,0,0,0,0,0,91,17,91,67,17,17,67,66,50,52,18,17,17,17,17,17,17,17,17
2012thru2016,050,05000US17189,"Washington County, Illinois",17,189,40,0,40,35,0,10,25,4,4,0,0,0,0,0,0,0,0,0,0,37,17,37,35,17,13,35,10,10,17,17,17,17,17,17,17,17,17,17
2012thru2016,050,05000US17191,"Wayne County, Illinois",17,191,90,15,75,55,4,25,25,20,0,20,0,0,0,0,0,0,0,0,0,59,18,55,50,17,26,39,31,17,31,17,17,17,17,17,17,17,17,17
2012thru2016,050,05000US17193,"White County, Illinois",17,193,190,15,175,45,30,20,0,130,60,70,0,0,0,0,0,0,0,0,0,82,20,82,32,27,23,17,77,68,68,17,17,17,17,17,17,17,17,17
2012thru2016,050,05000US17195,"Whiteside County, Illinois",17,195,385,30,355,85,0,45,40,275,135,115,25,0,0,0,0,0,0,0,0,143,38,136,62,26,46,41,125,107,82,30,26,26,26,26,26,26,26,26
2012thru2016,050,05000US17197,"Will County, Illinois",17,197,2280,180,2100,185,20,80,85,1050,345,570,135,610,210,250,145,260,50,170,45,343,111,326,93,39,62,68,260,128,188,97,194,131,126,97,160,77,123,55
2012thru2016,050,05000US17199,"Williamson County, Illinois",17,199,800,160,640,200,45,130,25,335,100,185,50,90,90,0,0,10,10,0,0,232,111,202,129,53,108,39,161,65,130,74,78,78,26,26,23,23,26,26
2012thru2016,050,05000US17201,"Winnebago County, Illinois",17,201,2585,285,2300,265,80,80,105,1265,450,605,205,570,160,180,230,205,60,115,25,409,141,365,96,63,54,70,227,165,178,93,230,94,108,146,134,61,102,40
2012thru2016,050,05000US17203,"Woodford County, Illinois",17,203,70,10,60,40,0,25,15,20,4,10,4,0,0,0,0,0,0,0,0,43,18,41,37,23,30,25,21,6,19,10,23,23,23,23,23,23,23,23
2012thru2016,050,05000US18001,"Adams County, Indiana",18,001,400,0,400,150,30,120,0,175,4,175,0,75,45,30,0,0,0,0,0,202,24,202,153,43,146,24,128,2,128,24,66,53,43,24,24,24,24,24
2012thru2016,050,05000US18003,"Allen County, Indiana",18,003,4060,710,3350,525,140,310,75,2330,745,1040,545,445,230,195,25,50,50,0,0,525,178,476,190,92,163,48,382,202,268,183,179,125,115,38,56,56,27,27
2012thru2016,050,05000US18005,"Bartholomew County, Indiana",18,005,615,40,575,105,10,70,25,360,125,130,105,110,45,65,0,0,0,0,0,206,47,197,65,24,61,36,163,105,104,84,84,52,68,27,27,27,27,27
2012thru2016,050,05000US18007,"Benton County, Indiana",18,007,55,0,55,35,20,10,4,0,0,0,0,20,0,0,20,0,0,0,0,41,16,41,31,29,13,7,16,16,16,16,31,16,16,31,16,16,16,16
2012thru2016,050,05000US18009,"Blackford County, Indiana",18,009,50,10,40,15,0,0,15,30,0,30,0,0,0,0,0,0,0,0,0,40,13,41,22,18,18,22,34,18,34,18,18,18,18,18,18,18,18,18
2012thru2016,050,05000US18011,"Boone County, Indiana",18,011,430,0,430,125,65,50,10,160,70,55,35,135,120,0,15,15,0,15,0,164,27,164,103,66,78,26,120,79,71,50,107,112,27,31,22,27,22,27
2012thru2016,050,05000US18013,"Brown County, Indiana",18,013,80,0,80,40,0,40,0,40,10,15,15,0,0,0,0,0,0,0,0,70,18,70,63,18,63,18,32,14,23,21,18,18,18,18,18,18,18,18
2012thru2016,050,05000US18015,"Carroll County, Indiana",18,015,95,15,80,0,0,0,0,80,40,40,0,0,0,0,0,0,0,0,0,53,25,48,21,21,21,21,48,39,37,21,21,21,21,21,21,21,21,21
2012thru2016,050,05000US18017,"Cass County, Indiana",18,017,295,60,235,50,4,10,30,185,100,55,30,0,0,0,0,0,0,0,0,115,60,93,51,10,20,47,92,69,50,50,24,24,24,24,24,24,24,24
2012thru2016,050,05000US18019,"Clark County, Indiana",18,019,1380,205,1175,125,30,85,10,920,140,645,135,35,35,0,0,95,55,35,0,268,100,244,91,43,79,15,216,91,208,94,60,60,27,27,76,61,46,27
2012thru2016,050,05000US18021,"Clay County, Indiana",18,021,90,20,70,25,0,0,25,20,20,0,0,0,0,0,0,25,0,0,25,65,21,56,33,21,21,33,33,33,21,21,21,21,21,21,36,21,21,36
2012thru2016,050,05000US18023,"Clinton County, Indiana",18,023,265,30,235,4,0,4,0,230,50,125,50,0,0,0,0,0,0,0,0,120,44,115,12,24,12,24,115,57,96,46,24,24,24,24,24,24,24,24
2012thru2016,050,05000US18025,"Crawford County, Indiana",18,025,80,0,80,75,4,65,4,10,10,0,0,0,0,0,0,0,0,0,0,53,18,53,54,14,51,3,14,14,18,18,18,18,18,18,18,18,18,18
2012thru2016,050,05000US18027,"Daviess County, Indiana",18,027,315,65,255,80,25,55,0,150,20,80,45,25,0,25,0,0,0,0,0,134,63,127,81,39,61,24,96,37,76,51,39,24,39,24,24,24,24,24
2012thru2016,050,05000US18029,"Dearborn County, Indiana",18,029,495,10,485,205,85,120,0,270,75,140,60,10,0,0,10,0,0,0,0,197,13,196,126,80,101,24,164,77,108,74,18,24,24,18,24,24,24,24
2012thru2016,050,05000US18031,"Decatur County, Indiana",18,031,235,25,205,25,0,0,25,130,4,95,25,50,50,0,0,0,0,0,0,100,38,100,36,21,21,36,100,14,91,39,69,69,21,21,21,21,21,21
2012thru2016,050,05000US18033,"DeKalb County, Indiana",18,033,355,120,235,65,4,30,30,135,110,4,20,35,35,0,0,0,0,0,0,136,72,125,53,10,41,36,98,97,10,22,35,35,24,24,24,24,24,24
2012thru2016,050,05000US18035,"Delaware County, Indiana",18,035,1565,275,1290,15,0,15,0,895,175,460,260,315,0,185,130,65,0,30,35,315,128,279,26,27,26,27,232,90,173,131,137,27,108,99,53,27,46,59
2012thru2016,050,05000US18037,"Dubois County, Indiana",18,037,245,90,155,105,0,105,0,25,0,25,0,30,4,0,25,0,0,0,0,164,97,131,105,24,105,24,40,24,40,24,38,7,24,40,24,24,24,24
2012thru2016,050,05000US18039,"Elkhart County, Indiana",18,039,1805,100,1705,130,80,0,50,575,250,240,80,925,435,410,80,75,35,45,0,363,89,358,94,78,27,53,198,149,110,65,281,182,184,70,77,39,70,27
2012thru2016,050,05000US18041,"Fayette County, Indiana",18,041,395,90,305,100,0,75,20,175,110,65,0,30,0,30,0,0,0,0,0,149,68,134,80,21,70,35,101,82,60,21,46,21,46,21,21,21,21,21
2012thru2016,050,05000US18043,"Floyd County, Indiana",18,043,840,40,795,90,55,35,0,610,90,370,145,70,60,15,0,25,25,0,0,246,40,236,78,59,50,27,222,65,171,102,54,52,23,27,39,39,27,27
2012thru2016,050,05000US18045,"Fountain County, Indiana",18,045,115,60,55,35,15,15,4,10,0,10,4,4,4,0,0,0,0,0,0,62,47,39,37,25,27,18,15,18,14,4,12,12,18,18,18,18,18,18
2012thru2016,050,05000US18047,"Franklin County, Indiana",18,047,90,0,90,40,25,4,10,50,20,20,4,0,0,0,0,0,0,0,0,59,21,59,29,27,10,16,42,36,30,9,21,21,21,21,21,21,21,21
2012thru2016,050,05000US18049,"Fulton County, Indiana",18,049,190,25,165,105,90,4,10,65,4,55,0,0,0,0,0,0,0,0,0,130,40,123,103,102,15,14,82,13,79,21,21,21,21,21,21,21,21,21
2012thru2016,050,05000US18051,"Gibson County, Indiana",18,051,215,0,215,90,0,70,25,95,85,10,4,0,0,0,0,30,0,30,0,100,24,100,57,24,44,37,56,52,15,5,24,24,24,24,43,24,43,24
2012thru2016,050,05000US18053,"Grant County, Indiana",18,053,485,195,285,80,10,50,20,155,20,95,40,50,50,0,0,0,0,0,0,186,123,135,74,34,54,28,100,26,81,41,48,48,27,27,27,27,27,27
2012thru2016,050,05000US18055,"Greene County, Indiana",18,055,285,175,110,35,35,0,0,40,25,15,0,35,35,0,0,0,0,0,0,102,81,60,32,32,24,24,37,28,25,24,39,39,24,24,24,24,24,24
2012thru2016,050,05000US18057,"Hamilton County, Indiana",18,057,1740,45,1695,175,0,160,15,485,210,230,40,910,230,345,335,125,85,45,0,397,74,391,140,27,138,16,290,232,154,43,285,141,205,176,96,67,69,27
2012thru2016,050,05000US18059,"Hancock County, Indiana",18,059,245,40,200,0,0,0,0,155,40,80,35,50,0,0,50,0,0,0,0,134,50,125,27,27,27,27,104,61,74,45,74,27,27,74,27,27,27,27
2012thru2016,050,05000US18061,"Harrison County, Indiana",18,061,105,0,105,80,0,60,25,25,0,10,10,0,0,0,0,0,0,0,0,102,24,102,98,24,93,39,21,24,17,18,24,24,24,24,24,24,24,24
2012thru2016,050,05000US18063,"Hendricks County, Indiana",18,063,830,60,775,40,0,15,30,265,70,70,120,340,60,45,235,125,70,60,0,314,66,304,48,27,16,44,162,69,54,122,193,77,51,178,102,80,58,27
2012thru2016,050,05000US18065,"Henry County, Indiana",18,065,965,145,815,205,125,50,30,470,135,190,145,110,55,35,20,35,0,35,0,220,89,192,112,83,44,36,155,86,95,99,83,56,57,35,54,24,54,24
2012thru2016,050,05000US18067,"Howard County, Indiana",18,067,800,160,640,130,50,55,20,375,90,170,110,110,80,35,0,30,30,0,0,226,105,215,83,45,60,37,176,84,128,94,94,80,52,27,44,44,27,27
2012thru2016,050,05000US18069,"Huntington County, Indiana",18,069,215,40,175,55,45,10,0,115,65,45,0,0,0,0,0,10,0,0,10,96,43,89,46,45,12,24,77,59,43,24,24,24,24,24,13,24,24,13
2012thru2016,050,05000US18071,"Jackson County, Indiana",18,071,355,45,310,90,60,4,25,170,10,105,55,50,30,20,0,0,0,0,0,133,66,113,60,66,13,39,77,20,65,59,60,50,33,24,24,24,24,24
2012thru2016,050,05000US18073,"Jasper County, Indiana",18,073,220,4,215,0,0,0,0,125,60,35,35,90,45,45,0,0,0,0,0,144,5,143,24,24,24,24,102,78,55,41,98,77,68,24,24,24,24,24
2012thru2016,050,05000US18075,"Jay County, Indiana",18,075,180,65,115,30,10,0,20,85,0,50,35,0,0,0,0,0,0,0,0,95,55,65,25,21,21,24,61,21,47,49,21,21,21,21,21,21,21,21
2012thru2016,050,05000US18077,"Jefferson County, Indiana",18,077,235,25,210,4,0,0,4,210,50,115,45,0,0,0,0,0,0,0,0,168,32,165,3,24,24,3,167,48,116,63,24,24,24,24,24,24,24,24
2012thru2016,050,05000US18079,"Jennings County, Indiana",18,079,95,50,40,4,0,4,0,35,35,4,0,4,4,0,0,0,0,0,0,69,50,49,8,21,8,21,48,50,3,21,4,4,21,21,21,21,21,21
2012thru2016,050,05000US18081,"Johnson County, Indiana",18,081,1040,70,970,25,0,0,25,565,305,135,120,360,85,180,90,20,20,0,0,305,62,305,44,27,27,44,208,173,88,99,228,114,178,87,38,38,27,27
2012thru2016,050,05000US18083,"Knox County, Indiana",18,083,530,0,530,165,15,125,25,275,135,120,25,55,35,20,0,35,0,4,30,180,24,180,112,23,99,41,132,84,96,38,58,47,35,24,51,24,10,49
2012thru2016,050,05000US18085,"Kosciusko County, Indiana",18,085,445,60,380,50,10,15,20,330,80,70,185,0,0,0,0,0,0,0,0,171,62,165,40,14,22,31,150,65,70,112,27,27,27,27,27,27,27,27
2012thru2016,050,05000US18087,"LaGrange County, Indiana",18,087,210,65,145,75,0,50,25,55,25,25,4,15,0,15,0,0,0,0,0,77,36,76,50,24,50,29,42,28,28,11,25,24,25,24,24,24,24,24
2012thru2016,050,05000US18089,"Lake County, Indiana",18,089,3620,930,2690,400,85,200,120,1275,390,685,205,835,375,435,20,180,70,110,0,450,206,416,125,54,78,94,265,149,226,90,236,156,192,29,128,84,102,27
2012thru2016,050,05000US18091,"LaPorte County, Indiana",18,091,645,100,540,10,10,0,0,275,120,155,0,255,60,135,60,0,0,0,0,190,79,171,22,22,27,27,118,82,90,27,127,56,88,77,27,27,27,27
2012thru2016,050,05000US18093,"Lawrence County, Indiana",18,093,460,125,340,45,0,10,35,295,40,100,150,0,0,0,0,0,0,0,0,178,89,151,53,24,20,52,139,60,86,101,24,24,24,24,24,24,24,24
2012thru2016,050,05000US18095,"Madison County, Indiana",18,095,1375,265,1110,175,100,20,60,770,335,310,125,130,75,55,0,35,0,35,0,307,139,258,123,103,21,65,203,129,121,106,88,69,58,27,55,27,55,27
2012thru2016,050,05000US18097,"Marion County, Indiana",18,097,16595,3460,13135,1390,415,490,485,8875,3030,4540,1305,2305,880,725,705,565,270,200,95,1196,519,1116,322,177,189,172,915,481,620,296,458,320,205,311,228,163,116,92
2012thru2016,050,05000US18099,"Marshall County, Indiana",18,099,315,10,310,10,10,0,0,235,95,120,20,65,40,25,0,0,0,0,0,117,13,117,15,15,24,24,102,75,87,23,63,48,39,24,24,24,24,24
2012thru2016,050,05000US18101,"Martin County, Indiana",18,101,35,20,15,10,0,4,4,4,4,0,0,0,0,0,0,0,0,0,0,28,25,18,16,18,5,15,2,2,18,18,18,18,18,18,18,18,18,18
2012thru2016,050,05000US18103,"Miami County, Indiana",18,103,205,45,160,30,0,25,4,130,55,75,0,0,0,0,0,0,0,0,0,100,41,95,38,24,37,9,86,56,58,24,24,24,24,24,24,24,24,24
2012thru2016,050,05000US18105,"Monroe County, Indiana",18,105,1375,145,1230,125,0,75,50,675,240,330,105,305,25,175,100,130,25,40,60,338,116,308,103,27,67,77,261,136,174,94,139,30,113,77,101,29,58,66
2012thru2016,050,05000US18107,"Montgomery County, Indiana",18,107,335,145,195,100,35,55,10,75,30,15,30,10,0,10,0,10,0,0,10,180,120,129,109,58,95,15,54,43,17,33,15,24,15,24,31,24,24,31
2012thru2016,050,05000US18109,"Morgan County, Indiana",18,109,395,0,395,65,0,40,25,210,30,105,75,85,45,0,45,30,0,30,0,190,27,190,69,27,41,40,128,48,91,79,95,67,27,66,49,27,49,27
2012thru2016,050,05000US18111,"Newton County, Indiana",18,111,60,4,55,45,0,4,40,10,0,10,0,0,0,0,0,0,0,0,0,35,10,36,33,18,15,31,13,18,13,18,18,18,18,18,18,18,18,18
2012thru2016,050,05000US18113,"Noble County, Indiana",18,113,185,0,185,20,0,4,15,150,55,40,55,10,0,0,10,0,0,0,0,124,24,124,28,24,15,25,118,72,50,70,16,24,24,16,24,24,24,24
2012thru2016,050,05000US18115,"Ohio County, Indiana",18,115,60,0,60,15,0,4,10,40,10,35,0,0,0,0,0,0,0,0,0,37,16,37,19,16,13,14,33,14,29,16,16,16,16,16,16,16,16,16
2012thru2016,050,05000US18117,"Orange County, Indiana",18,117,185,10,175,75,15,35,20,95,4,75,10,10,0,10,0,0,0,0,0,86,14,85,57,26,43,28,61,10,54,20,13,18,13,18,18,18,18,18
2012thru2016,050,05000US18119,"Owen County, Indiana",18,119,55,25,30,4,4,0,0,15,4,0,10,10,10,0,0,0,0,0,0,38,28,26,7,7,21,21,22,11,21,18,10,10,21,21,21,21,21,21
2012thru2016,050,05000US18121,"Parke County, Indiana",18,121,45,10,35,30,30,0,0,4,0,4,0,0,0,0,0,0,0,0,0,37,14,35,31,31,18,18,15,18,15,18,18,18,18,18,18,18,18,18
2012thru2016,050,05000US18123,"Perry County, Indiana",18,123,115,0,115,80,0,70,15,35,0,30,10,0,0,0,0,0,0,0,0,67,18,67,55,18,54,16,41,18,39,14,18,18,18,18,18,18,18,18
2012thru2016,050,05000US18125,"Pike County, Indiana",18,125,35,4,30,30,0,30,0,0,0,0,0,0,0,0,0,0,0,0,0,37,7,37,37,18,37,18,18,18,18,18,18,18,18,18,18,18,18,18
2012thru2016,050,05000US18127,"Porter County, Indiana",18,127,890,90,800,4,0,4,0,490,145,310,30,260,75,95,85,45,45,0,0,245,73,230,17,27,17,27,195,79,172,46,143,79,78,97,67,67,27,27
2012thru2016,050,05000US18129,"Posey County, Indiana",18,129,200,10,190,100,20,45,35,45,0,30,15,45,45,0,0,0,0,0,0,117,15,116,86,30,44,53,42,21,40,21,59,59,21,21,21,21,21,21
2012thru2016,050,05000US18131,"Pulaski County, Indiana",18,131,120,0,120,40,25,15,0,80,75,4,0,0,0,0,0,0,0,0,0,64,18,64,41,36,22,18,50,49,9,18,18,18,18,18,18,18,18,18
2012thru2016,050,05000US18133,"Putnam County, Indiana",18,133,160,40,120,0,0,0,0,120,60,40,25,0,0,0,0,0,0,0,0,87,53,65,24,24,24,24,65,57,48,33,24,24,24,24,24,24,24,24
2012thru2016,050,05000US18135,"Randolph County, Indiana",18,135,130,15,115,35,4,4,25,80,40,10,35,0,0,0,0,0,0,0,0,64,21,61,29,10,9,26,58,41,13,41,21,21,21,21,21,21,21,21
2012thru2016,050,05000US18137,"Ripley County, Indiana",18,137,215,20,195,45,10,4,30,150,25,60,65,0,0,0,0,0,0,0,0,100,21,97,45,14,7,40,81,25,46,60,21,21,21,21,21,21,21,21
2012thru2016,050,05000US18139,"Rush County, Indiana",18,139,165,45,120,70,4,35,30,40,0,40,0,4,0,4,0,0,0,0,0,88,52,83,70,9,56,40,44,18,44,18,14,18,14,18,18,18,18,18
2012thru2016,050,05000US18141,"St. Joseph County, Indiana",18,141,4525,785,3740,355,40,145,175,2145,970,860,315,1025,515,440,70,210,85,45,80,543,215,486,170,43,117,97,355,248,211,130,277,196,178,71,153,89,74,100
2012thru2016,050,05000US18143,"Scott County, Indiana",18,143,160,0,160,0,0,0,0,160,70,20,70,0,0,0,0,0,0,0,0,122,21,122,21,21,21,21,122,79,34,88,21,21,21,21,21,21,21,21
2012thru2016,050,05000US18145,"Shelby County, Indiana",18,145,480,170,310,55,0,35,20,170,170,0,0,55,0,55,0,30,30,0,0,146,105,142,54,24,47,25,118,118,24,24,59,24,59,24,47,47,24,24
2012thru2016,050,05000US18147,"Spencer County, Indiana",18,147,105,4,95,20,20,0,0,75,0,60,15,0,0,0,0,0,0,0,0,55,12,52,32,32,21,21,42,21,35,25,21,21,21,21,21,21,21,21
2012thru2016,050,05000US18149,"Starke County, Indiana",18,149,80,30,50,20,0,20,0,15,0,15,0,20,0,0,20,0,0,0,0,60,33,45,33,21,33,21,23,21,23,21,32,21,21,32,21,21,21,21
2012thru2016,050,05000US18151,"Steuben County, Indiana",18,151,310,125,180,4,0,0,4,150,110,0,40,15,0,0,15,10,0,10,4,118,78,104,24,24,24,24,102,90,24,45,31,24,24,31,17,24,13,24
2012thru2016,050,05000US18153,"Sullivan County, Indiana",18,153,205,95,105,50,35,10,10,4,0,0,4,10,10,0,0,40,40,0,0,102,78,94,59,56,14,14,2,21,21,2,18,18,21,21,69,69,21,21
2012thru2016,050,05000US18155,"Switzerland County, Indiana",18,155,95,55,40,25,10,4,4,15,0,15,0,0,0,0,0,0,0,0,0,70,66,30,23,16,15,9,20,18,20,18,18,18,18,18,18,18,18,18
2012thru2016,050,05000US18157,"Tippecanoe County, Indiana",18,157,1815,95,1720,85,35,40,10,1050,410,460,180,375,125,160,90,205,15,105,90,360,87,347,85,54,65,14,277,196,165,127,201,117,124,78,131,22,101,70
2012thru2016,050,05000US18159,"Tipton County, Indiana",18,159,50,4,45,4,0,4,0,40,0,40,0,0,0,0,0,0,0,0,0,60,10,60,10,18,10,18,60,18,60,18,18,18,18,18,18,18,18,18
2012thru2016,050,05000US18161,"Union County, Indiana",18,161,70,15,50,10,0,10,4,35,0,30,4,10,10,0,0,0,0,0,0,44,29,36,15,16,15,3,31,16,29,11,15,15,16,16,16,16,16,16
2012thru2016,050,05000US18163,"Vanderburgh County, Indiana",18,163,1805,100,1705,190,10,90,85,1135,500,500,135,365,95,260,10,15,0,15,0,341,62,338,114,19,83,74,297,170,187,108,154,83,132,17,23,27,23,27
2012thru2016,050,05000US18165,"Vermillion County, Indiana",18,165,50,0,50,25,0,0,25,30,10,0,20,0,0,0,0,0,0,0,0,34,18,34,30,18,18,30,21,14,18,21,18,18,18,18,18,18,18,18
2012thru2016,050,05000US18167,"Vigo County, Indiana",18,167,1480,180,1300,175,75,20,75,685,275,335,75,380,15,345,20,70,20,0,50,314,100,307,119,70,37,85,189,133,138,67,157,25,153,32,80,33,27,72
2012thru2016,050,05000US18169,"Wabash County, Indiana",18,169,205,45,160,45,20,25,0,95,45,50,0,25,25,0,0,0,0,0,0,94,43,87,51,35,38,24,70,50,48,24,38,38,24,24,24,24,24,24
2012thru2016,050,05000US18171,"Warren County, Indiana",18,171,75,15,60,0,0,0,0,60,0,55,4,0,0,0,0,0,0,0,0,47,18,45,16,16,16,16,45,16,42,16,16,16,16,16,16,16,16,16
2012thru2016,050,05000US18173,"Warrick County, Indiana",18,173,225,25,200,70,30,40,0,60,0,20,40,70,0,30,40,0,0,0,0,137,42,119,75,46,56,27,73,27,35,64,80,27,44,66,27,27,27,27
2012thru2016,050,05000US18175,"Washington County, Indiana",18,175,80,30,55,10,0,10,0,20,15,4,0,25,25,0,0,0,0,0,0,66,41,49,15,21,15,21,17,18,9,21,43,43,21,21,21,21,21,21
2012thru2016,050,05000US18177,"Wayne County, Indiana",18,177,1625,120,1505,240,90,60,85,1095,470,520,100,130,70,45,20,40,0,40,0,310,85,296,110,80,47,61,265,218,217,79,92,79,50,24,63,27,63,27
2012thru2016,050,05000US18179,"Wells County, Indiana",18,179,305,4,300,90,0,90,0,180,105,40,35,0,0,0,0,30,30,0,0,133,9,132,76,21,76,21,90,83,61,48,21,21,21,21,49,49,21,21
2012thru2016,050,05000US18181,"White County, Indiana",18,181,50,0,50,10,0,10,0,45,0,45,0,0,0,0,0,0,0,0,0,49,21,49,16,21,16,21,49,21,49,21,21,21,21,21,21,21,21,21
2012thru2016,050,05000US18183,"Whitley County, Indiana",18,183,100,10,90,30,0,0,30,55,10,35,10,0,0,0,0,0,0,0,0,69,14,68,41,24,24,41,54,15,52,15,24,24,24,24,24,24,24,24
2012thru2016,050,05000US19001,"Adair County, Iowa",19,001,90,25,65,20,20,0,0,40,10,15,15,0,0,0,0,0,0,0,0,45,28,36,21,21,13,13,34,18,24,22,13,13,13,13,13,13,13,13
2012thru2016,050,05000US19003,"Adams County, Iowa",19,003,0,0,0,0,0,0,0,0,0,0,0,0,0,0,0,0,0,0,0,0,9,0,0,0,9,9,0,0,9,9,9,9,9,9,9,9,9,9
2012thru2016,050,05000US19005,"Allamakee County, Iowa",19,005,100,4,95,75,30,10,35,15,0,15,0,4,0,4,0,0,0,0,0,65,10,65,64,43,18,45,16,15,16,15,7,15,7,15,15,15,15,15
2012thru2016,050,05000US19007,"Appanoose County, Iowa",19,007,280,70,210,95,30,65,0,115,60,55,0,0,0,0,0,0,0,0,0,133,62,113,78,50,64,15,74,47,59,15,15,15,15,15,15,15,15,15
2012thru2016,050,05000US19009,"Audubon County, Iowa",19,009,0,0,0,0,0,0,0,0,0,0,0,0,0,0,0,0,0,0,0,0,0,0,0,0,13,13,13,13,13,13,13,13,13,13,13,13,13,13
2012thru2016,050,05000US19011,"Benton County, Iowa",19,011,180,20,160,80,25,30,25,60,15,45,0,0,0,0,0,20,15,4,0,77,26,76,39,23,27,27,62,24,59,17,17,17,17,17,13,18,15,17
2012thru2016,050,05000US19013,"Black Hawk County, Iowa",19,013,1465,135,1335,205,50,130,20,955,175,560,220,95,60,20,20,75,30,30,20,252,71,251,92,51,72,36,230,82,178,118,73,57,33,34,65,35,45,32
2012thru2016,050,05000US19015,"Boone County, Iowa",19,015,115,15,100,25,0,25,0,80,25,55,0,0,0,0,0,0,0,0,0,86,22,84,23,17,23,17,80,39,73,17,17,17,17,17,17,17,17,17
2012thru2016,050,05000US19017,"Bremer County, Iowa",19,017,110,4,105,75,10,50,10,30,20,10,0,0,0,0,0,0,0,0,0,63,5,64,52,19,48,20,35,30,14,17,17,17,17,17,17,17,17,17
2012thru2016,050,05000US19019,"Buchanan County, Iowa",19,019,175,0,175,30,4,15,15,120,30,45,45,25,0,25,0,0,0,0,0,98,17,98,24,17,17,16,87,42,53,62,37,17,37,17,17,17,17,17
2012thru2016,050,05000US19021,"Buena Vista County, Iowa",19,021,180,60,120,15,10,4,4,100,60,40,0,0,0,0,0,4,4,0,0,107,68,88,14,11,17,17,86,63,62,17,17,17,17,17,10,10,17,17
2012thru2016,050,05000US19023,"Butler County, Iowa",19,023,115,15,100,45,10,30,10,35,20,15,0,0,0,0,0,20,20,0,0,48,18,47,31,14,27,13,30,24,21,15,15,15,15,15,23,23,15,15
2012thru2016,050,05000US19025,"Calhoun County, Iowa",19,025,145,15,130,25,10,4,10,80,40,35,0,25,25,0,0,0,0,0,0,47,18,46,23,16,7,17,39,30,29,13,21,21,13,13,13,13,13,13
2012thru2016,050,05000US19027,"Carroll County, Iowa",19,027,265,40,225,60,15,0,45,145,30,90,25,25,0,20,4,0,0,0,0,134,62,118,54,18,17,52,99,42,81,38,32,17,36,17,17,17,17,17
2012thru2016,050,05000US19029,"Cass County, Iowa",19,029,80,4,75,65,25,30,10,10,10,0,0,0,0,0,0,0,0,0,0,59,10,59,58,37,39,13,13,13,15,15,15,15,15,15,15,15,15,15
2012thru2016,050,05000US19031,"Cedar County, Iowa",19,031,70,15,55,15,0,0,15,40,15,15,15,0,0,0,0,0,0,0,0,41,20,37,16,15,15,16,37,23,17,25,15,15,15,15,15,15,15,15
2012thru2016,050,05000US19033,"Cerro Gordo County, Iowa",19,033,505,145,355,55,25,25,4,270,125,110,35,15,15,0,0,15,0,15,0,191,117,131,60,40,42,9,123,96,74,51,22,22,20,20,27,20,27,20
2012thru2016,050,05000US19035,"Cherokee County, Iowa",19,035,0,0,0,0,0,0,0,0,0,0,0,0,0,0,0,0,0,0,0,0,15,0,15,15,15,15,15,15,15,15,0,0,15,15,15,15,15,15
2012thru2016,050,05000US19037,"Chickasaw County, Iowa",19,037,35,0,35,4,4,0,0,25,20,4,0,0,0,0,0,4,0,0,4,36,15,36,11,11,15,15,33,32,16,15,15,15,15,15,3,15,15,3
2012thru2016,050,05000US19039,"Clarke County, Iowa",19,039,60,10,50,50,0,25,30,0,0,0,0,0,0,0,0,0,0,0,0,53,14,50,50,13,25,44,13,13,13,13,13,13,13,13,13,13,13,13
2012thru2016,050,05000US19041,"Clay County, Iowa",19,041,155,4,150,50,50,0,0,100,55,0,45,0,0,0,0,0,0,0,0,122,10,122,74,74,15,15,98,72,15,69,15,15,15,15,15,15,15,15
2012thru2016,050,05000US19043,"Clayton County, Iowa",19,043,155,50,105,65,35,30,0,30,4,15,10,0,0,0,0,10,10,0,0,69,50,47,39,31,27,15,24,3,17,16,15,15,15,15,13,13,15,15
2012thru2016,050,05000US19045,"Clinton County, Iowa",19,045,470,60,405,170,150,15,4,215,165,40,4,25,25,0,0,0,0,0,0,170,58,166,123,121,22,5,120,112,34,10,41,41,20,20,20,20,20,20
2012thru2016,050,05000US19047,"Crawford County, Iowa",19,047,155,60,95,25,0,10,10,70,55,15,0,0,0,0,0,0,0,0,0,111,73,80,20,15,15,13,80,73,28,15,15,15,15,15,15,15,15,15
2012thru2016,050,05000US19049,"Dallas County, Iowa",19,049,285,75,210,55,25,25,4,60,0,60,0,75,60,15,0,20,20,0,0,157,62,149,60,40,41,10,81,22,81,22,101,96,27,22,38,38,22,22
2012thru2016,050,05000US19051,"Davis County, Iowa",19,051,55,40,10,10,0,10,0,0,0,0,0,0,0,0,0,0,0,0,0,31,35,16,16,13,16,13,13,13,13,13,13,13,13,13,13,13,13,13
2012thru2016,050,05000US19053,"Decatur County, Iowa",19,053,100,10,90,40,4,30,10,40,20,10,10,4,4,0,0,0,0,0,0,47,12,50,35,10,32,13,32,23,14,18,8,8,13,13,13,13,13,13
2012thru2016,050,05000US19055,"Delaware County, Iowa",19,055,95,0,95,75,0,50,25,15,0,10,4,0,0,0,0,10,0,10,0,79,15,79,75,15,68,35,17,15,17,2,15,15,15,15,14,15,14,15
2012thru2016,050,05000US19057,"Des Moines County, Iowa",19,057,550,85,465,25,0,25,0,365,115,225,25,70,20,50,0,0,0,0,0,211,77,189,46,20,46,20,165,80,141,31,63,30,57,20,20,20,20,20
2012thru2016,050,05000US19059,"Dickinson County, Iowa",19,059,235,90,145,65,40,10,20,75,40,0,35,0,0,0,0,4,4,0,0,122,97,97,66,60,13,16,80,61,15,54,15,15,15,15,2,2,15,15
2012thru2016,050,05000US19061,"Dubuque County, Iowa",19,061,715,245,475,50,0,30,20,345,140,205,0,80,10,50,25,0,0,0,0,185,123,159,45,22,36,23,133,85,100,22,80,15,59,31,22,22,22,22
2012thru2016,050,05000US19063,"Emmet County, Iowa",19,063,35,0,35,35,0,35,0,0,0,0,0,0,0,0,0,0,0,0,0,46,13,46,46,13,46,13,13,13,13,13,13,13,13,13,13,13,13,13
2012thru2016,050,05000US19065,"Fayette County, Iowa",19,065,165,4,160,90,30,35,25,70,30,15,20,0,0,0,0,0,0,0,0,70,10,72,51,23,39,20,49,34,21,27,17,17,17,17,17,17,17,17
2012thru2016,050,05000US19067,"Floyd County, Iowa",19,067,90,0,90,35,20,15,0,55,20,35,0,0,0,0,0,0,0,0,0,76,15,76,34,23,29,15,62,35,54,15,15,15,15,15,15,15,15,15
2012thru2016,050,05000US19069,"Franklin County, Iowa",19,069,45,0,45,20,0,15,4,25,0,25,0,0,0,0,0,0,0,0,0,48,15,48,18,15,17,9,40,15,40,15,15,15,15,15,15,15,15,15
2012thru2016,050,05000US19071,"Fremont County, Iowa",19,071,60,15,50,25,0,10,15,25,15,0,10,0,0,0,0,0,0,0,0,38,20,35,21,13,16,22,26,23,13,18,13,13,13,13,13,13,13,13
2012thru2016,050,05000US19073,"Greene County, Iowa",19,073,100,4,95,35,10,25,0,60,20,35,0,0,0,0,0,0,0,0,0,71,13,70,37,14,34,13,65,36,48,13,13,13,13,13,13,13,13,13
2012thru2016,050,05000US19075,"Grundy County, Iowa",19,075,20,0,20,4,4,0,0,15,0,15,0,0,0,0,0,0,0,0,0,20,15,20,13,13,15,15,20,15,20,15,15,15,15,15,15,15,15,15
2012thru2016,050,05000US19077,"Guthrie County, Iowa",19,077,160,50,115,55,15,40,0,35,20,10,4,0,0,0,0,25,25,0,0,65,36,64,36,22,30,15,38,30,15,2,15,15,15,15,39,39,15,15
2012thru2016,050,05000US19079,"Hamilton County, Iowa",19,079,115,4,110,4,4,0,4,40,40,0,0,65,50,15,0,0,0,0,0,99,3,99,13,4,15,3,61,61,15,15,82,77,23,15,15,15,15,15
2012thru2016,050,05000US19081,"Hancock County, Iowa",19,081,105,4,100,80,30,15,35,4,4,0,0,0,0,0,0,15,0,15,0,66,3,65,61,44,24,38,4,4,15,15,15,15,15,15,30,15,30,15
2012thru2016,050,05000US19083,"Hardin County, Iowa",19,083,175,4,170,120,70,30,20,20,10,0,10,0,0,0,0,25,25,0,0,81,6,79,59,51,27,24,20,14,15,13,15,15,15,15,42,42,15,15
2012thru2016,050,05000US19085,"Harrison County, Iowa",19,085,80,0,80,65,15,10,40,20,0,20,0,0,0,0,0,0,0,0,0,47,15,47,43,19,12,39,23,15,23,15,15,15,15,15,15,15,15,15
2012thru2016,050,05000US19087,"Henry County, Iowa",19,087,175,0,175,75,0,65,10,90,30,35,25,10,10,0,0,0,0,0,0,75,15,75,57,15,53,14,65,39,33,42,13,13,15,15,15,15,15,15
2012thru2016,050,05000US19089,"Howard County, Iowa",19,089,85,0,85,35,10,25,0,50,4,45,0,0,0,0,0,0,0,0,0,65,13,65,41,13,39,13,48,8,48,13,13,13,13,13,13,13,13,13
2012thru2016,050,05000US19091,"Humboldt County, Iowa",19,091,45,4,40,0,0,0,0,40,20,20,0,0,0,0,0,0,0,0,0,42,10,42,13,13,13,13,42,34,32,13,13,13,13,13,13,13,13,13
2012thru2016,050,05000US19093,"Ida County, Iowa",19,093,130,0,130,35,4,30,0,60,30,25,0,0,0,0,0,35,35,0,0,65,13,65,36,12,35,13,38,22,30,13,13,13,13,13,50,50,13,13
2012thru2016,050,05000US19095,"Iowa County, Iowa",19,095,155,4,150,70,40,30,0,80,20,55,4,0,0,0,0,0,0,0,0,112,6,112,73,59,44,15,82,34,73,8,15,15,15,15,15,15,15,15
2012thru2016,050,05000US19097,"Jackson County, Iowa",19,097,115,40,75,45,0,45,0,30,4,15,10,0,0,0,0,0,0,0,0,62,38,46,39,15,39,15,25,15,21,15,15,15,15,15,15,15,15,15
2012thru2016,050,05000US19099,"Jasper County, Iowa",19,099,300,25,275,40,10,20,10,230,95,125,10,0,0,0,0,0,0,0,0,136,42,132,32,13,24,18,128,88,94,22,20,20,20,20,20,20,20,20
2012thru2016,050,05000US19101,"Jefferson County, Iowa",19,101,75,0,75,75,70,4,0,0,0,0,0,0,0,0,0,0,0,0,0,83,15,83,83,82,7,15,15,15,15,15,15,15,15,15,15,15,15,15
2012thru2016,050,05000US19103,"Johnson County, Iowa",19,103,730,0,730,85,4,80,4,450,4,315,135,140,55,70,15,55,10,25,15,219,22,219,63,22,66,22,177,22,157,118,105,52,80,28,51,20,42,25
2012thru2016,050,05000US19105,"Jones County, Iowa",19,105,70,0,70,35,0,20,15,35,35,0,0,0,0,0,0,0,0,0,0,60,17,60,29,17,23,19,54,54,17,17,17,17,17,17,17,17,17,17
2012thru2016,050,05000US19107,"Keokuk County, Iowa",19,107,20,10,15,4,0,4,0,4,4,0,0,0,0,0,0,0,0,0,0,24,14,17,19,15,19,15,17,17,15,15,15,15,15,15,15,15,15,15
2012thru2016,050,05000US19109,"Kossuth County, Iowa",19,109,125,70,55,30,20,4,4,4,4,0,0,0,0,0,0,20,20,0,0,72,64,39,23,18,12,13,15,15,15,15,15,15,15,15,32,32,15,15
2012thru2016,050,05000US19111,"Lee County, Iowa",19,111,335,20,315,125,35,85,4,105,20,90,0,25,0,25,0,55,55,0,0,124,27,121,76,39,64,10,79,22,76,20,41,20,41,20,59,59,20,20
2012thru2016,050,05000US19113,"Linn County, Iowa",19,113,2115,135,1980,975,640,320,15,870,110,645,115,135,25,0,115,0,0,0,0,413,102,374,257,234,185,25,235,74,210,103,123,41,22,118,22,22,22,22
2012thru2016,050,05000US19115,"Louisa County, Iowa",19,115,20,4,15,4,0,0,4,10,0,10,0,0,0,0,0,0,0,0,0,20,2,19,8,15,15,8,17,15,17,15,15,15,15,15,15,15,15,15
2012thru2016,050,05000US19117,"Lucas County, Iowa",19,117,0,0,0,0,0,0,0,0,0,0,0,0,0,0,0,0,0,0,0,13,13,13,13,13,13,13,13,13,13,13,13,13,13,13,13,13,13,13
2012thru2016,050,05000US19119,"Lyon County, Iowa",19,119,90,4,85,65,15,30,20,20,15,4,0,0,0,0,0,0,0,0,0,47,9,46,45,28,34,26,30,27,12,15,15,15,15,15,15,15,15,15
2012thru2016,050,05000US19121,"Madison County, Iowa",19,121,0,0,0,0,0,0,0,0,0,0,0,0,0,0,0,0,0,0,0,0,15,0,0,15,0,15,15,15,15,15,15,15,15,15,15,15,15,15
2012thru2016,050,05000US19123,"Mahaska County, Iowa",19,123,180,20,165,50,10,25,20,110,80,10,20,0,0,0,0,0,0,0,0,79,26,81,38,13,31,19,70,58,19,31,17,17,17,17,17,17,17,17
2012thru2016,050,05000US19125,"Marion County, Iowa",19,125,175,10,165,10,0,0,10,155,10,80,65,0,0,0,0,0,0,0,0,111,17,111,13,20,20,13,108,16,91,61,20,20,20,20,20,20,20,20
2012thru2016,050,05000US19127,"Marshall County, Iowa",19,127,195,0,195,10,0,0,10,185,85,50,50,0,0,0,0,0,0,0,0,105,20,105,23,20,20,23,103,70,49,54,20,20,20,20,20,20,20,20
2012thru2016,050,05000US19129,"Mills County, Iowa",19,129,130,0,130,45,25,0,20,80,55,10,20,0,0,0,0,0,0,0,0,80,15,80,44,40,15,20,65,58,13,32,15,15,15,15,15,15,15,15
2012thru2016,050,05000US19131,"Mitchell County, Iowa",19,131,0,0,0,0,0,0,0,0,0,0,0,0,0,0,0,0,0,0,0,0,15,0,0,15,0,15,15,15,15,15,15,15,15,15,0,0,15,15
2012thru2016,050,05000US19133,"Monona County, Iowa",19,133,80,15,65,50,15,10,25,10,4,4,0,4,4,0,0,0,0,0,0,51,24,47,47,20,12,42,13,9,10,13,5,5,13,13,13,13,13,13
2012thru2016,050,05000US19135,"Monroe County, Iowa",19,135,100,0,100,55,25,0,30,45,30,20,0,0,0,0,0,0,0,0,0,60,13,60,55,38,13,43,52,41,30,13,13,13,13,13,13,13,13,13
2012thru2016,050,05000US19137,"Montgomery County, Iowa",19,137,170,15,155,110,70,15,25,45,0,35,10,0,0,0,0,0,0,0,0,86,17,87,76,64,18,44,56,15,53,14,15,15,15,15,15,15,15,15
2012thru2016,050,05000US19139,"Muscatine County, Iowa",19,139,545,45,500,120,60,50,10,210,80,75,55,140,0,85,60,30,30,0,0,188,47,171,81,63,54,22,115,72,80,66,107,20,90,62,43,43,20,20
2012thru2016,050,05000US19141,"O'Brien County, Iowa",19,141,60,10,50,50,25,20,4,0,0,0,0,0,0,0,0,0,0,0,0,34,13,31,31,25,23,7,15,15,15,15,15,15,15,15,15,15,15,15
2012thru2016,050,05000US19143,"Osceola County, Iowa",19,143,85,4,80,40,15,0,25,40,25,0,10,0,0,0,0,0,0,0,0,61,7,58,42,21,13,35,39,32,13,20,13,13,13,13,13,13,13,13
2012thru2016,050,05000US19145,"Page County, Iowa",19,145,165,70,95,50,4,40,4,45,0,45,0,0,0,0,0,0,0,0,0,88,55,59,40,15,43,2,45,15,45,15,15,15,15,15,15,15,15,15
2012thru2016,050,05000US19147,"Palo Alto County, Iowa",19,147,120,4,115,90,25,35,30,25,25,0,0,0,0,0,0,0,0,0,0,72,10,70,61,41,46,30,34,34,13,13,13,13,13,13,13,13,13,13
2012thru2016,050,05000US19149,"Plymouth County, Iowa",19,149,70,20,50,15,0,15,0,10,0,10,0,25,25,0,0,0,0,0,0,51,25,45,22,17,22,17,16,17,16,17,39,39,17,17,17,17,17,17
2012thru2016,050,05000US19151,"Pocahontas County, Iowa",19,151,45,15,30,25,20,4,0,4,0,4,0,0,0,0,0,0,0,0,0,34,22,27,26,24,10,13,9,13,9,13,13,13,13,13,13,13,13,13
2012thru2016,050,05000US19153,"Polk County, Iowa",19,153,2970,205,2765,200,100,55,45,1560,655,750,160,845,190,435,220,155,75,80,0,622,137,590,118,83,55,44,345,208,244,95,399,132,286,257,101,85,87,22
2012thru2016,050,05000US19155,"Pottawattamie County, Iowa",19,155,645,60,585,80,45,10,30,395,110,200,85,105,90,10,4,0,0,0,0,180,45,180,57,52,14,24,150,67,102,82,87,82,14,12,22,22,22,22
2012thru2016,050,05000US19157,"Poweshiek County, Iowa",19,157,115,75,40,4,0,0,4,15,0,4,10,20,0,20,0,0,0,0,0,77,68,38,9,15,15,9,22,15,14,14,32,15,32,15,15,15,15,15
2012thru2016,050,05000US19159,"Ringgold County, Iowa",19,159,0,0,0,0,0,0,0,0,0,0,0,0,0,0,0,0,0,0,0,0,13,0,0,0,13,0,13,13,13,13,13,13,13,13,13,13,13,13
2012thru2016,050,05000US19161,"Sac County, Iowa",19,161,155,40,115,45,10,25,10,70,30,25,10,0,0,0,0,0,0,0,0,59,41,43,23,13,20,13,39,27,26,13,15,15,15,15,15,15,15,15
2012thru2016,050,05000US19163,"Scott County, Iowa",19,163,1830,310,1520,80,35,25,15,995,505,335,155,385,195,135,55,65,45,20,0,385,132,379,59,34,40,29,304,226,137,101,160,110,91,58,78,70,36,22
2012thru2016,050,05000US19165,"Shelby County, Iowa",19,165,0,0,0,0,0,0,0,0,0,0,0,0,0,0,0,0,0,0,0,0,15,0,0,0,15,0,15,15,15,15,15,15,15,15,15,15,15,15
2012thru2016,050,05000US19167,"Sioux County, Iowa",19,167,105,25,80,60,0,4,55,4,0,4,0,15,15,0,0,0,0,0,0,72,29,63,56,20,14,55,11,20,11,20,23,23,20,20,20,20,20,20
2012thru2016,050,05000US19169,"Story County, Iowa",19,169,390,45,350,20,4,15,0,240,45,45,150,10,0,10,0,80,80,0,0,164,41,158,17,9,15,22,151,73,47,124,13,22,13,22,72,72,22,22
2012thru2016,050,05000US19171,"Tama County, Iowa",19,171,105,25,80,20,10,10,0,60,20,35,4,0,0,0,0,4,0,4,0,49,26,40,20,13,17,15,34,23,28,5,15,15,15,15,4,15,4,15
2012thru2016,050,05000US19173,"Taylor County, Iowa",19,173,50,0,50,45,10,20,15,0,0,0,0,0,0,0,0,4,0,4,0,34,13,34,34,15,22,25,13,13,13,13,13,13,13,13,9,13,9,13
2012thru2016,050,05000US19175,"Union County, Iowa",19,175,65,4,60,20,0,20,0,40,30,10,0,0,0,0,0,0,0,0,0,51,9,52,20,15,20,15,48,47,14,15,15,15,15,15,15,15,15,15
2012thru2016,050,05000US19177,"Van Buren County, Iowa",19,177,65,4,60,50,20,15,15,4,4,4,0,0,0,0,0,4,4,0,0,36,15,34,33,19,18,15,8,13,2,13,13,13,13,13,13,13,13,13
2012thru2016,050,05000US19179,"Wapello County, Iowa",19,179,530,175,355,35,0,4,30,215,110,105,0,100,65,35,0,0,0,0,0,181,111,141,50,20,10,49,118,85,86,20,87,67,47,20,20,20,20,20
2012thru2016,050,05000US19181,"Warren County, Iowa",19,181,130,40,90,25,25,0,0,45,0,35,10,0,0,0,0,20,20,0,0,84,44,72,39,39,20,20,51,20,52,16,20,20,20,20,34,34,20,20
2012thru2016,050,05000US19183,"Washington County, Iowa",19,183,210,25,180,75,65,0,10,60,10,55,0,0,0,0,0,45,20,25,0,103,40,96,65,59,17,17,62,13,58,17,17,17,17,17,49,31,40,17
2012thru2016,050,05000US19185,"Wayne County, Iowa",19,185,50,10,40,20,15,10,0,20,20,0,0,0,0,0,0,0,0,0,0,30,14,26,21,17,13,13,19,19,13,13,13,13,13,13,13,13,13,13
2012thru2016,050,05000US19187,"Webster County, Iowa",19,187,375,50,325,140,80,55,4,160,40,95,25,15,0,15,0,10,10,0,0,122,38,126,70,58,41,13,94,49,81,29,31,20,31,20,13,13,20,20
2012thru2016,050,05000US19189,"Winnebago County, Iowa",19,189,170,15,155,4,4,0,0,135,85,55,0,0,0,0,0,10,10,0,0,84,21,82,5,5,15,15,82,71,55,15,15,15,15,15,20,20,15,15
2012thru2016,050,05000US19191,"Winneshiek County, Iowa",19,191,35,0,35,25,15,10,0,10,0,10,0,0,0,0,0,0,0,0,0,27,17,27,22,18,13,17,15,17,15,17,17,17,17,17,17,17,17,17
2012thru2016,050,05000US19193,"Woodbury County, Iowa",19,193,650,95,555,160,55,80,25,305,105,115,80,75,10,20,45,20,20,0,0,179,79,160,79,48,63,18,121,69,73,57,58,13,34,44,32,32,22,22
2012thru2016,050,05000US19195,"Worth County, Iowa",19,195,0,0,0,0,0,0,0,0,0,0,0,0,0,0,0,0,0,0,0,0,0,0,0,13,0,13,13,13,13,13,13,13,13,13,13,13,13,13
2012thru2016,050,05000US19197,"Wright County, Iowa",19,197,175,4,170,75,0,30,45,95,35,60,0,0,0,0,0,0,0,0,0,75,9,75,51,15,39,34,73,42,64,15,15,15,15,15,15,15,15,15
2012thru2016,050,05000US20001,"Allen County, Kansas",20,001,190,105,85,55,25,25,4,30,15,4,4,0,0,0,0,0,0,0,0,87,69,61,55,39,39,11,28,23,11,10,16,16,16,16,16,16,16,16
2012thru2016,050,05000US20003,"Anderson County, Kansas",20,003,15,4,4,4,4,0,4,0,0,0,0,0,0,0,0,0,0,0,0,14,13,10,10,1,14,3,14,14,14,14,14,14,14,14,14,14,14,14
2012thru2016,050,05000US20005,"Atchison County, Kansas",20,005,95,0,95,0,0,0,0,95,30,0,65,0,0,0,0,0,0,0,0,102,16,102,16,16,16,16,102,36,16,96,16,16,16,16,16,16,16,16
2012thru2016,050,05000US20007,"Barber County, Kansas",20,007,130,35,95,35,15,0,20,60,10,35,15,0,0,0,0,0,0,0,0,58,35,48,28,20,10,21,42,13,33,23,10,10,10,10,10,10,10,10
2012thru2016,050,05000US20009,"Barton County, Kansas",20,009,145,50,95,60,25,4,30,35,0,35,0,0,0,0,0,0,0,0,0,87,63,57,36,26,4,30,44,18,44,18,18,18,18,18,18,18,18,18
2012thru2016,050,05000US20011,"Bourbon County, Kansas",20,011,225,40,185,80,40,25,10,105,90,0,15,0,0,0,0,0,0,0,0,97,42,90,57,37,44,18,67,63,16,26,16,16,16,16,16,16,16,16
2012thru2016,050,05000US20013,"Brown County, Kansas",20,013,35,4,30,25,10,10,4,10,4,4,0,0,0,0,0,0,0,0,0,12,5,11,12,12,11,1,13,14,14,14,14,14,14,14,14,14,14,14
2012thru2016,050,05000US20015,"Butler County, Kansas",20,015,600,115,485,120,4,0,110,245,40,185,20,50,0,40,10,70,70,0,0,199,114,183,92,10,23,93,138,40,137,22,55,23,61,20,80,80,23,23
2012thru2016,050,05000US20017,"Chase County, Kansas",20,017,25,4,20,20,0,4,10,0,0,0,0,0,0,0,0,0,0,0,0,20,12,18,18,10,11,13,10,10,10,10,10,10,10,10,10,10,10,10
2012thru2016,050,05000US20019,"Chautauqua County, Kansas",20,019,40,15,25,15,15,0,0,10,0,0,10,0,0,0,0,0,0,0,0,28,17,22,18,18,10,10,13,10,10,13,10,10,10,10,10,10,10,10
2012thru2016,050,05000US20021,"Cherokee County, Kansas",20,021,535,130,405,240,55,60,125,145,25,55,65,0,0,0,0,20,20,0,0,175,90,143,120,65,55,86,90,40,60,60,18,18,18,18,37,37,18,18
2012thru2016,050,05000US20023,"Cheyenne County, Kansas",20,023,30,4,20,10,4,4,4,0,0,0,0,0,0,0,0,10,10,0,0,20,15,18,16,10,9,9,10,10,10,10,10,10,10,10,14,14,10,10
2012thru2016,050,05000US20025,"Clark County, Kansas",20,025,45,15,30,4,4,0,0,15,4,0,4,10,10,0,0,0,0,0,0,19,14,19,11,11,10,10,16,11,10,13,12,12,10,10,10,10,10,10
2012thru2016,050,05000US20027,"Clay County, Kansas",20,027,130,85,45,45,45,0,0,0,0,0,0,0,0,0,0,0,0,0,0,103,77,65,65,65,14,14,14,14,14,14,14,14,14,14,14,14,14,14
2012thru2016,050,05000US20029,"Cloud County, Kansas",20,029,240,95,150,50,4,35,4,70,35,30,4,30,0,30,0,0,0,0,0,109,62,94,56,10,53,17,59,41,49,13,44,14,44,14,14,14,14,14
2012thru2016,050,05000US20031,"Coffey County, Kansas",20,031,70,35,35,30,0,10,20,4,0,4,0,0,0,0,0,0,0,0,0,42,37,33,31,14,15,29,13,14,13,14,14,14,14,14,14,14,14,14
2012thru2016,050,05000US20033,"Comanche County, Kansas",20,033,0,0,0,0,0,0,0,0,0,0,0,0,0,0,0,0,0,0,0,0,10,0,0,10,10,0,10,10,10,10,10,10,10,10,10,10,10,10
2012thru2016,050,05000US20035,"Cowley County, Kansas",20,035,355,105,250,90,25,15,50,115,20,50,45,45,20,25,0,0,0,0,0,138,85,109,69,40,22,51,69,25,49,47,49,32,37,21,21,21,21,21
2012thru2016,050,05000US20037,"Crawford County, Kansas",20,037,1040,215,825,190,45,80,65,510,175,235,100,80,15,35,25,45,0,0,45,251,117,232,115,46,89,46,199,108,148,94,56,28,30,41,70,21,21,70
2012thru2016,050,05000US20039,"Decatur County, Kansas",20,039,0,0,0,0,0,0,0,0,0,0,0,0,0,0,0,0,0,0,0,0,0,0,0,10,10,0,10,10,10,10,10,10,10,10,10,10,10,10
2012thru2016,050,05000US20041,"Dickinson County, Kansas",20,041,235,65,170,25,4,10,10,125,25,45,55,20,0,20,0,0,0,0,0,102,74,73,23,10,15,15,63,27,41,68,32,16,32,16,16,16,16,16
2012thru2016,050,05000US20043,"Doniphan County, Kansas",20,043,50,4,50,45,4,35,4,4,0,4,0,0,0,0,0,0,0,0,0,31,9,31,30,10,30,6,5,14,5,14,14,14,14,14,14,14,14,14
2012thru2016,050,05000US20045,"Douglas County, Kansas",20,045,1320,110,1210,150,20,50,80,725,355,200,170,305,110,60,135,25,10,0,15,328,102,305,92,39,62,58,251,194,138,138,140,80,63,109,32,18,23,26
2012thru2016,050,05000US20047,"Edwards County, Kansas",20,047,20,4,15,10,0,4,4,10,0,10,0,0,0,0,0,0,0,0,0,17,8,16,12,10,4,6,14,10,14,10,10,10,10,10,10,10,10,10
2012thru2016,050,05000US20049,"Elk County, Kansas",20,049,20,4,10,10,4,0,4,0,0,0,0,0,0,0,0,0,0,0,0,14,10,13,13,14,10,4,10,10,10,10,10,10,10,10,10,10,10,10
2012thru2016,050,05000US20051,"Ellis County, Kansas",20,051,395,90,300,45,10,0,35,255,165,30,65,0,0,0,0,0,0,0,0,184,105,153,42,23,18,39,154,126,42,66,18,18,18,18,18,18,18,18
2012thru2016,050,05000US20053,"Ellsworth County, Kansas",20,053,60,25,40,30,0,25,4,0,0,0,0,0,0,0,0,10,10,4,0,41,28,33,31,14,31,12,14,14,14,14,14,14,14,14,13,13,14,14
2012thru2016,050,05000US20055,"Finney County, Kansas",20,055,145,30,115,55,0,20,35,60,0,25,30,0,0,0,0,0,0,0,0,86,47,75,53,21,33,43,55,21,41,36,21,21,21,21,21,21,21,21
2012thru2016,050,05000US20057,"Ford County, Kansas",20,057,315,35,285,45,0,40,4,190,70,40,75,50,50,0,0,0,0,0,0,135,38,134,46,21,46,7,116,60,67,92,63,63,21,21,21,21,21,21
2012thru2016,050,05000US20059,"Franklin County, Kansas",20,059,270,60,210,45,0,40,4,130,0,95,35,35,35,0,0,0,0,0,0,155,67,137,61,18,59,4,104,18,87,51,52,52,18,18,18,18,18,18
2012thru2016,050,05000US20061,"Geary County, Kansas",20,061,1025,50,980,45,0,45,0,225,25,195,4,635,70,275,295,75,25,50,0,182,29,185,64,21,64,21,139,39,130,11,177,86,131,133,59,39,46,21
2012thru2016,050,05000US20063,"Gove County, Kansas",20,063,15,10,4,0,0,0,0,0,0,0,0,4,0,4,0,0,0,0,0,14,12,10,10,10,10,10,10,10,10,10,10,10,10,10,10,10,10,10
2012thru2016,050,05000US20065,"Graham County, Kansas",20,065,0,0,0,0,0,0,0,0,0,0,0,0,0,0,0,0,0,0,0,0,10,0,0,10,0,10,10,10,10,10,10,10,10,10,10,10,10,10
2012thru2016,050,05000US20067,"Grant County, Kansas",20,067,0,0,0,0,0,0,0,0,0,0,0,0,0,0,0,0,0,0,0,0,14,0,14,14,14,14,0,14,0,14,14,14,14,14,14,14,14,14
2012thru2016,050,05000US20069,"Gray County, Kansas",20,069,25,15,10,4,0,4,0,4,0,4,0,0,0,0,0,0,0,0,0,26,21,16,10,14,10,14,14,14,14,14,14,14,14,14,14,14,14,14
2012thru2016,050,05000US20071,"Greeley County, Kansas",20,071,0,0,0,0,0,0,0,0,0,0,0,0,0,0,0,0,0,0,0,0,0,10,10,10,10,10,10,10,10,10,10,10,10,10,10,10,10,10
2012thru2016,050,05000US20073,"Greenwood County, Kansas",20,073,55,15,40,35,0,0,35,4,4,0,0,0,0,0,0,0,0,0,0,39,24,32,32,14,14,32,10,10,14,14,14,14,14,14,14,14,14,14
2012thru2016,050,05000US20075,"Hamilton County, Kansas",20,075,30,10,20,10,0,10,0,0,0,0,0,10,10,0,0,0,0,0,0,27,16,24,13,10,13,10,10,10,10,10,13,13,10,10,10,10,10,10
2012thru2016,050,05000US20077,"Harper County, Kansas",20,077,175,45,130,95,0,25,65,25,0,25,0,15,0,15,0,0,0,0,0,79,40,69,65,14,27,63,32,14,32,14,24,14,24,14,14,14,14,14
2012thru2016,050,05000US20079,"Harvey County, Kansas",20,079,180,55,125,55,15,0,45,70,0,70,0,0,0,0,0,0,0,0,0,120,71,98,74,22,21,71,67,21,67,21,21,21,21,21,21,21,21,21
2012thru2016,050,05000US20081,"Haskell County, Kansas",20,081,65,10,55,30,0,10,20,25,4,15,0,0,0,0,0,0,0,0,0,29,15,28,25,10,13,24,18,10,20,10,10,10,10,10,10,10,10,10
2012thru2016,050,05000US20083,"Hodgeman County, Kansas",20,083,55,10,45,40,30,0,10,4,4,0,0,0,0,0,0,0,0,0,0,36,15,36,35,35,10,14,10,10,10,10,10,10,10,10,10,10,10,10
2012thru2016,050,05000US20085,"Jackson County, Kansas",20,085,135,35,100,30,4,25,4,65,25,40,4,0,0,0,0,0,0,0,0,90,47,79,43,3,41,1,69,40,58,4,16,16,16,16,16,16,16,16
2012thru2016,050,05000US20087,"Jefferson County, Kansas",20,087,25,0,25,15,0,10,4,10,0,10,0,0,0,0,0,0,0,0,0,24,16,24,19,16,14,13,14,16,14,16,16,16,16,16,16,16,16,16
2012thru2016,050,05000US20089,"Jewell County, Kansas",20,089,25,0,25,25,15,4,4,0,0,0,0,0,0,0,0,0,0,0,0,21,10,21,21,16,11,10,10,10,10,10,10,10,10,10,10,10,10,10
2012thru2016,050,05000US20091,"Johnson County, Kansas",20,091,3060,290,2770,65,35,10,20,1285,540,420,325,1195,445,475,275,225,130,65,30,437,132,431,66,60,13,28,308,214,169,171,319,200,190,146,138,99,75,29
2012thru2016,050,05000US20093,"Kearny County, Kansas",20,093,90,0,90,25,0,15,10,60,25,20,15,4,0,0,4,0,0,0,0,56,10,56,31,10,23,15,42,31,23,23,10,10,10,10,10,10,10,10
2012thru2016,050,05000US20095,"Kingman County, Kansas",20,095,50,0,50,10,4,4,4,35,0,20,15,0,0,0,0,0,0,0,0,42,14,42,13,14,7,14,41,14,36,25,14,14,14,14,14,14,14,14
2012thru2016,050,05000US20097,"Kiowa County, Kansas",20,097,40,15,25,10,4,0,4,10,0,4,4,4,4,0,0,0,0,0,0,26,17,20,14,15,10,10,13,10,12,1,14,14,10,10,10,10,10,10
2012thru2016,050,05000US20099,"Labette County, Kansas",20,099,320,110,210,125,65,45,20,85,15,25,45,0,0,0,0,0,0,0,0,137,90,110,86,58,53,25,65,15,43,46,18,18,18,18,18,18,18,18
2012thru2016,050,05000US20101,"Lane County, Kansas",20,101,30,0,30,20,0,20,0,0,0,0,0,0,0,0,0,4,0,0,4,26,10,26,23,10,23,10,10,10,10,10,10,10,10,10,10,10,10,10
2012thru2016,050,05000US20103,"Leavenworth County, Kansas",20,103,455,45,410,35,30,0,4,180,65,70,50,60,30,0,30,135,65,35,35,185,49,176,45,44,23,12,119,64,88,45,55,43,23,35,100,75,58,40
2012thru2016,050,05000US20105,"Lincoln County, Kansas",20,105,0,0,0,0,0,0,0,0,0,0,0,0,0,0,0,0,0,0,0,0,0,0,10,10,10,10,0,0,10,10,10,10,10,10,10,10,10,10
2012thru2016,050,05000US20107,"Linn County, Kansas",20,107,65,15,50,20,20,0,0,30,15,15,0,0,0,0,0,0,0,0,0,42,18,33,21,21,14,14,25,20,18,14,14,14,14,14,14,14,14,14
2012thru2016,050,05000US20109,"Logan County, Kansas",20,109,40,10,30,10,10,0,0,0,0,0,0,0,0,0,0,15,15,0,0,38,15,30,19,19,10,10,10,10,10,10,10,10,10,10,25,25,10,10
2012thru2016,050,05000US20111,"Lyon County, Kansas",20,111,455,35,420,210,75,25,110,130,15,105,10,75,25,20,30,0,0,0,0,165,46,161,123,68,39,103,90,29,82,13,70,42,32,50,21,21,21,21
2012thru2016,050,05000US20113,"McPherson County, Kansas",20,113,190,30,160,150,0,150,0,10,10,4,0,0,0,0,0,0,0,0,0,111,32,105,106,18,106,18,14,14,18,18,18,18,18,18,18,18,18,18
2012thru2016,050,05000US20115,"Marion County, Kansas",20,115,105,4,100,60,20,30,10,10,10,0,0,0,0,0,0,25,10,0,15,54,10,53,45,30,33,13,18,18,16,16,16,16,16,16,28,21,16,22
2012thru2016,050,05000US20117,"Marshall County, Kansas",20,117,115,40,70,50,30,0,15,25,0,20,4,0,0,0,0,0,0,0,0,50,29,43,37,29,14,25,22,14,23,10,14,14,14,14,14,14,14,14
2012thru2016,050,05000US20119,"Meade County, Kansas",20,119,35,0,35,30,15,15,0,10,10,0,0,0,0,0,0,0,0,0,0,25,10,25,23,18,17,10,14,14,10,10,10,10,10,10,10,10,10,10
2012thru2016,050,05000US20121,"Miami County, Kansas",20,121,80,4,75,0,0,0,0,30,0,0,30,45,45,0,0,0,0,0,0,80,2,81,21,21,21,21,46,21,21,46,72,72,21,21,21,21,21,21
2012thru2016,050,05000US20123,"Mitchell County, Kansas",20,123,105,10,95,70,4,35,30,25,0,25,0,0,0,0,0,0,0,0,0,64,15,60,52,10,38,36,33,14,33,14,14,14,14,14,14,14,14,14
2012thru2016,050,05000US20125,"Montgomery County, Kansas",20,125,285,60,225,115,35,35,40,75,15,45,15,40,40,0,0,0,0,0,0,118,60,98,73,42,33,50,60,27,48,23,44,44,21,21,21,21,21,21
2012thru2016,050,05000US20127,"Morris County, Kansas",20,127,45,0,45,35,15,0,20,4,0,0,4,4,0,0,4,0,0,0,0,40,14,40,40,26,14,32,8,14,14,8,14,14,14,14,14,14,14,14
2012thru2016,050,05000US20129,"Morton County, Kansas",20,129,50,15,35,0,0,0,0,25,15,10,0,10,0,0,10,0,0,0,0,35,22,30,10,10,10,10,25,23,18,10,19,10,10,19,10,10,10,10
2012thru2016,050,05000US20131,"Nemaha County, Kansas",20,131,50,15,35,35,0,25,15,0,0,0,0,0,0,0,0,0,0,0,0,36,15,35,35,16,31,22,16,16,16,16,16,16,16,16,16,16,16,16
2012thru2016,050,05000US20133,"Neosho County, Kansas",20,133,240,35,210,110,0,20,90,80,35,10,35,20,20,0,0,0,0,0,0,104,31,102,76,16,32,73,61,43,15,39,33,33,16,16,16,16,16,16
2012thru2016,050,05000US20135,"Ness County, Kansas",20,135,65,4,65,45,20,10,15,0,0,0,0,20,20,0,0,0,0,0,0,33,4,33,27,24,17,17,10,10,10,10,23,23,10,10,10,10,10,10
2012thru2016,050,05000US20137,"Norton County, Kansas",20,137,85,30,55,10,4,0,4,0,0,0,0,45,0,45,0,0,0,0,0,77,48,61,12,12,14,4,14,14,14,14,62,14,62,14,14,14,14,14
2012thru2016,050,05000US20139,"Osage County, Kansas",20,139,85,20,65,15,0,15,0,45,15,0,30,0,0,0,0,10,10,0,0,57,22,54,17,16,17,16,50,17,16,47,16,16,16,16,15,15,16,16
2012thru2016,050,05000US20141,"Osborne County, Kansas",20,141,20,4,15,0,0,0,0,15,15,0,0,0,0,0,0,0,0,0,0,19,6,19,10,10,10,10,19,19,10,10,10,10,10,10,10,10,10,10
2012thru2016,050,05000US20143,"Ottawa County, Kansas",20,143,0,0,0,0,0,0,0,0,0,0,0,0,0,0,0,0,0,0,0,0,14,0,0,0,14,14,14,14,14,14,0,14,0,14,14,14,14,14
2012thru2016,050,05000US20145,"Pawnee County, Kansas",20,145,0,0,0,0,0,0,0,0,0,0,0,0,0,0,0,0,0,0,0,0,14,0,0,14,0,14,0,14,14,0,14,14,14,14,14,14,14,14
2012thru2016,050,05000US20147,"Phillips County, Kansas",20,147,75,35,40,35,10,25,0,0,0,0,0,4,4,0,0,0,0,0,0,39,30,25,25,15,22,14,14,14,14,14,5,5,14,14,14,14,14,14
2012thru2016,050,05000US20149,"Pottawatomie County, Kansas",20,149,105,4,100,15,15,0,0,85,10,70,4,4,0,4,0,0,0,0,0,85,18,85,15,15,18,18,85,16,83,10,8,18,8,18,18,18,18,18
2012thru2016,050,05000US20151,"Pratt County, Kansas",20,151,125,10,120,60,0,55,4,0,0,0,0,60,45,15,0,0,0,0,0,86,13,88,57,14,57,14,14,14,14,14,64,60,21,14,14,14,14,14
2012thru2016,050,05000US20153,"Rawlins County, Kansas",20,153,20,0,20,20,10,0,10,0,0,0,0,4,4,0,0,0,0,0,0,18,10,18,17,12,10,14,10,10,10,10,2,2,10,10,10,10,10,10
2012thru2016,050,05000US20155,"Reno County, Kansas",20,155,745,140,605,90,20,45,25,420,245,130,45,90,0,65,25,10,0,10,0,201,83,193,82,29,63,40,145,119,69,49,85,23,72,38,17,23,17,23
2012thru2016,050,05000US20157,"Republic County, Kansas",20,157,0,0,0,0,0,0,0,0,0,0,0,0,0,0,0,0,0,0,0,0,0,0,0,0,10,10,10,10,10,10,10,10,10,10,10,10,10,10
2012thru2016,050,05000US20159,"Rice County, Kansas",20,159,80,40,45,25,0,25,0,15,15,0,0,4,4,0,0,0,0,0,0,59,43,43,36,14,36,14,25,25,14,14,14,14,14,14,14,14,14,14
2012thru2016,050,05000US20161,"Riley County, Kansas",20,161,1595,150,1445,90,0,50,40,625,230,165,230,670,420,110,140,60,0,55,4,333,100,315,86,23,56,66,204,112,106,124,227,188,116,111,62,23,62,15
2012thru2016,050,05000US20163,"Rooks County, Kansas",20,163,0,0,0,0,0,0,0,0,0,0,0,0,0,0,0,0,0,0,0,0,0,0,0,14,0,14,14,14,14,14,14,14,14,14,14,14,14,14
2012thru2016,050,05000US20165,"Rush County, Kansas",20,165,0,0,0,0,0,0,0,0,0,0,0,0,0,0,0,0,0,0,0,0,10,0,0,10,10,0,10,10,10,10,10,10,10,10,0,10,0,10
2012thru2016,050,05000US20167,"Russell County, Kansas",20,167,0,0,0,0,0,0,0,0,0,0,0,0,0,0,0,0,0,0,0,0,14,0,0,14,14,0,0,0,14,14,14,14,14,14,14,14,14,14
2012thru2016,050,05000US20169,"Saline County, Kansas",20,169,375,55,320,90,85,4,0,110,4,60,45,95,80,0,15,20,0,20,0,156,65,166,99,99,8,23,86,38,59,45,85,82,23,26,38,23,38,23
2012thru2016,050,05000US20171,"Scott County, Kansas",20,171,0,0,0,0,0,0,0,0,0,0,0,0,0,0,0,0,0,0,0,10,10,10,10,10,10,10,10,10,10,10,10,10,10,10,10,10,10,10
2012thru2016,050,05000US20173,"Sedgwick County, Kansas",20,173,5980,745,5230,1155,485,295,375,3250,1665,1215,370,670,285,165,220,155,100,55,0,673,228,651,280,156,115,188,526,384,300,168,210,136,85,134,99,76,61,23
2012thru2016,050,05000US20175,"Seward County, Kansas",20,175,170,20,150,25,0,20,4,125,0,60,65,0,0,0,0,0,0,0,0,95,33,88,35,18,36,18,84,18,65,59,18,18,18,18,18,18,18,18
2012thru2016,050,05000US20177,"Shawnee County, Kansas",20,177,3660,715,2945,830,240,490,100,1610,735,665,205,310,100,150,60,195,105,35,55,402,210,371,223,123,175,76,295,233,205,102,126,67,103,59,105,78,50,61
2012thru2016,050,05000US20179,"Sheridan County, Kansas",20,179,0,0,0,0,0,0,0,0,0,0,0,0,0,0,0,0,0,0,0,0,10,0,10,10,10,10,0,0,10,10,10,10,10,10,10,10,10,10
2012thru2016,050,05000US20181,"Sherman County, Kansas",20,181,0,0,0,0,0,0,0,0,0,0,0,0,0,0,0,0,0,0,0,0,14,0,14,14,14,14,0,14,14,0,14,14,14,14,14,14,14,14
2012thru2016,050,05000US20183,"Smith County, Kansas",20,183,0,0,0,0,0,0,0,0,0,0,0,0,0,0,0,0,0,0,0,0,10,0,10,10,10,10,0,0,10,10,0,10,0,10,10,10,10,10
2012thru2016,050,05000US20185,"Stafford County, Kansas",20,185,45,15,25,25,0,15,15,0,0,0,0,0,0,0,0,0,0,0,0,29,24,21,21,10,18,21,10,10,10,10,10,10,10,10,10,10,10,10
2012thru2016,050,05000US20187,"Stanton County, Kansas",20,187,50,10,35,20,0,0,20,15,0,15,4,0,0,0,0,0,0,0,0,31,17,28,23,10,10,23,17,10,21,8,10,10,10,10,10,10,10,10
2012thru2016,050,05000US20189,"Stevens County, Kansas",20,189,130,65,65,65,0,20,45,0,0,0,0,0,0,0,0,0,0,0,0,75,53,61,61,14,36,49,14,14,14,14,14,14,14,14,14,14,14,14
2012thru2016,050,05000US20191,"Sumner County, Kansas",20,191,330,80,250,80,50,25,4,140,35,40,65,30,30,0,0,0,0,0,0,129,55,106,52,43,25,11,89,44,49,60,46,46,18,18,18,18,18,18
2012thru2016,050,05000US20193,"Thomas County, Kansas",20,193,0,0,0,0,0,0,0,0,0,0,0,0,0,0,0,0,0,0,0,0,14,0,0,14,14,0,14,14,14,14,14,14,14,14,14,14,14,14
2012thru2016,050,05000US20195,"Trego County, Kansas",20,195,0,0,0,0,0,0,0,0,0,0,0,0,0,0,0,0,0,0,0,0,10,0,0,0,10,10,10,10,10,10,10,10,10,10,0,0,10,10
2012thru2016,050,05000US20197,"Wabaunsee County, Kansas",20,197,30,10,25,10,4,4,0,15,15,0,0,0,0,0,0,0,0,0,0,19,14,19,14,14,5,14,14,14,14,14,14,14,14,14,14,14,14,14
2012thru2016,050,05000US20199,"Wallace County, Kansas",20,199,25,0,25,10,10,0,0,10,0,0,10,0,0,0,0,4,4,4,0,19,10,19,15,15,10,10,17,10,10,17,10,10,10,10,6,3,4,10
2012thru2016,050,05000US20201,"Washington County, Kansas",20,201,75,30,45,30,4,20,0,20,4,20,0,0,0,0,0,0,0,0,0,39,24,31,21,16,20,14,21,4,23,14,14,14,14,14,14,14,14,14
2012thru2016,050,05000US20203,"Wichita County, Kansas",20,203,0,0,0,0,0,0,0,0,0,0,0,0,0,0,0,0,0,0,0,0,0,10,10,10,10,10,10,10,10,10,10,10,10,10,10,10,10,10
2012thru2016,050,05000US20205,"Wilson County, Kansas",20,205,75,0,75,50,10,25,15,25,0,25,0,0,0,0,0,0,0,0,0,50,14,50,39,15,30,23,32,14,32,14,14,14,14,14,14,14,14,14
2012thru2016,050,05000US20207,"Woodson County, Kansas",20,207,50,10,45,35,20,4,10,4,0,4,0,0,0,0,0,0,0,0,0,25,13,24,21,17,17,15,16,10,16,10,10,10,10,10,10,10,10,10
2012thru2016,050,05000US20209,"Wyandotte County, Kansas",20,209,1920,525,1395,415,100,235,80,930,255,510,160,20,0,20,0,25,25,0,0,301,137,245,141,57,107,71,198,105,148,77,38,23,38,23,44,44,23,23
2012thru2016,050,05000US21001,"Adair County, Kentucky",21,001,115,0,115,20,0,20,0,40,15,25,0,55,35,0,25,0,0,0,0,76,18,76,31,18,31,18,45,22,32,18,53,43,18,37,18,18,18,18
2012thru2016,050,05000US21003,"Allen County, Kentucky",21,003,105,0,105,55,0,55,0,50,0,25,25,0,0,0,0,0,0,0,0,76,21,76,56,21,56,21,52,21,38,38,21,21,21,21,21,21,21,21
2012thru2016,050,05000US21005,"Anderson County, Kentucky",21,005,0,0,0,0,0,0,0,0,0,0,0,0,0,0,0,0,0,0,0,0,21,0,21,21,21,21,0,21,0,21,21,21,21,21,21,21,21,21
2012thru2016,050,05000US21007,"Ballard County, Kentucky",21,007,35,0,35,10,0,10,0,4,0,4,0,20,0,20,0,0,0,0,0,30,16,30,15,16,15,16,11,16,11,16,31,16,31,16,16,16,16,16
2012thru2016,050,05000US21009,"Barren County, Kentucky",21,009,420,45,375,45,0,15,30,235,70,110,50,95,95,0,0,0,0,0,0,160,48,153,53,24,19,52,125,73,89,61,87,87,24,24,24,24,24,24
2012thru2016,050,05000US21011,"Bath County, Kentucky",21,011,70,4,65,20,10,15,0,35,0,10,20,10,0,10,0,0,0,0,0,48,18,46,21,13,20,18,39,18,17,37,15,18,15,18,18,18,18,18
2012thru2016,050,05000US21013,"Bell County, Kentucky",21,013,260,4,255,145,10,80,50,80,30,50,0,30,4,25,0,0,0,0,0,137,5,135,103,21,83,64,78,47,62,21,37,21,38,21,21,21,21,21
2012thru2016,050,05000US21015,"Boone County, Kentucky",21,015,365,40,325,20,0,20,0,230,50,125,55,25,0,15,10,45,0,0,45,171,64,166,33,27,33,27,142,77,102,66,32,27,25,19,75,27,27,75
2012thru2016,050,05000US21017,"Bourbon County, Kentucky",21,017,85,15,70,40,30,0,4,25,0,25,0,10,10,0,0,0,0,0,0,65,27,58,51,48,21,10,27,21,27,21,14,14,21,21,21,21,21,21
2012thru2016,050,05000US21019,"Boyd County, Kentucky",21,019,460,55,410,35,15,10,15,260,15,145,100,95,40,15,40,15,0,15,0,146,53,149,34,22,16,27,126,24,86,82,64,37,25,46,26,24,26,24
2012thru2016,050,05000US21021,"Boyle County, Kentucky",21,021,210,45,165,15,0,0,15,135,40,85,10,15,0,0,15,0,0,0,0,128,54,112,26,21,21,26,109,46,96,15,23,21,21,23,21,21,21,21
2012thru2016,050,05000US21023,"Bracken County, Kentucky",21,023,40,0,40,15,0,10,4,25,0,25,0,0,0,0,0,0,0,0,0,32,16,32,18,16,13,13,28,16,28,16,16,16,16,16,16,16,16,16
2012thru2016,050,05000US21025,"Breathitt County, Kentucky",21,025,70,0,70,15,4,0,10,45,0,15,25,10,10,0,0,0,0,0,0,47,18,47,24,17,18,16,40,18,27,30,14,14,18,18,18,18,18,18
2012thru2016,050,05000US21027,"Breckinridge County, Kentucky",21,027,100,0,100,65,25,10,35,35,0,35,0,0,0,0,0,0,0,0,0,56,21,56,47,36,14,26,38,21,38,21,21,21,21,21,21,21,21,21
2012thru2016,050,05000US21029,"Bullitt County, Kentucky",21,029,165,30,135,35,10,20,4,60,0,25,35,40,0,0,40,0,0,0,0,103,49,89,37,14,35,9,54,27,29,58,61,27,27,61,27,27,27,27
2012thru2016,050,05000US21031,"Butler County, Kentucky",21,031,95,0,95,55,0,30,30,40,0,30,10,0,0,0,0,0,0,0,0,60,18,60,45,18,32,33,37,18,34,13,18,18,18,18,18,18,18,18
2012thru2016,050,05000US21033,"Caldwell County, Kentucky",21,033,0,0,0,0,0,0,0,0,0,0,0,0,0,0,0,0,0,0,0,0,18,0,0,18,0,18,18,18,18,18,0,18,18,0,18,18,18,18
2012thru2016,050,05000US21035,"Calloway County, Kentucky",21,035,415,25,390,90,0,10,85,205,135,25,50,95,95,0,0,0,0,0,0,173,39,169,93,24,14,95,127,89,37,81,73,73,24,24,24,24,24,24
2012thru2016,050,05000US21037,"Campbell County, Kentucky",21,037,230,55,175,4,0,4,0,130,50,75,4,40,0,40,0,0,0,0,0,126,48,110,12,27,12,27,91,66,65,3,62,27,62,27,27,27,27,27
2012thru2016,050,05000US21039,"Carlisle County, Kentucky",21,039,10,0,10,4,0,4,0,4,0,4,0,0,0,0,0,0,0,0,0,16,11,16,7,11,7,11,18,11,18,11,11,11,11,11,11,11,11,11
2012thru2016,050,05000US21041,"Carroll County, Kentucky",21,041,30,0,30,0,0,0,0,10,4,4,0,25,25,0,0,0,0,0,0,33,18,33,18,18,18,18,13,4,11,18,30,30,18,18,18,18,18,18
2012thru2016,050,05000US21043,"Carter County, Kentucky",21,043,100,30,70,30,10,0,20,45,35,10,0,0,0,0,0,0,0,0,0,67,46,53,34,13,21,34,41,38,15,21,21,21,21,21,21,21,21,21
2012thru2016,050,05000US21045,"Casey County, Kentucky",21,045,80,0,80,25,0,10,15,55,10,0,40,0,0,0,0,0,0,0,0,68,18,68,27,18,14,23,62,20,18,58,18,18,18,18,18,18,18,18
2012thru2016,050,05000US21047,"Christian County, Kentucky",21,047,965,70,895,115,45,20,50,400,35,270,100,270,0,125,145,110,0,30,80,250,54,242,81,75,30,52,171,38,136,98,132,27,96,86,68,27,41,54
2012thru2016,050,05000US21049,"Clark County, Kentucky",21,049,310,0,310,125,55,50,20,185,45,35,105,0,0,0,0,0,0,0,0,147,24,147,84,61,55,30,122,51,54,92,24,24,24,24,24,24,24,24
2012thru2016,050,05000US21051,"Clay County, Kentucky",21,051,110,0,110,45,0,45,0,4,4,0,0,45,0,20,25,15,15,0,0,82,21,82,46,21,46,21,21,21,21,21,53,21,37,40,24,24,21,21
2012thru2016,050,05000US21053,"Clinton County, Kentucky",21,053,75,0,75,60,0,15,45,15,0,0,15,0,0,0,0,0,0,0,0,54,18,54,50,18,23,46,23,18,18,23,18,18,18,18,18,18,18,18
2012thru2016,050,05000US21055,"Crittenden County, Kentucky",21,055,0,0,0,0,0,0,0,0,0,0,0,0,0,0,0,0,0,0,0,0,16,0,16,16,16,16,0,16,16,0,16,16,16,16,16,16,16,16
2012thru2016,050,05000US21057,"Cumberland County, Kentucky",21,057,60,0,60,45,10,25,10,10,0,10,0,0,0,0,0,0,0,0,0,43,16,43,37,18,28,14,17,16,17,16,16,16,16,16,16,16,16,16
2012thru2016,050,05000US21059,"Daviess County, Kentucky",21,059,905,0,905,105,0,25,80,710,335,210,165,35,0,35,0,55,40,15,0,252,27,252,80,27,41,68,235,179,125,97,64,27,64,27,51,45,29,27
2012thru2016,050,05000US21061,"Edmonson County, Kentucky",21,061,130,4,125,110,0,4,100,10,0,10,0,4,0,4,0,0,0,0,0,105,10,105,102,18,13,102,14,18,14,18,12,18,12,18,18,18,18,18
2012thru2016,050,05000US21063,"Elliott County, Kentucky",21,063,120,0,120,65,0,65,0,55,0,20,35,0,0,0,0,0,0,0,0,83,16,83,63,16,63,16,51,16,24,45,16,16,16,16,16,16,16,16
2012thru2016,050,05000US21065,"Estill County, Kentucky",21,065,115,15,100,25,15,15,0,75,0,75,0,0,0,0,0,0,0,0,0,87,26,83,37,23,23,18,75,18,75,18,18,18,18,18,18,18,18,18
2012thru2016,050,05000US21067,"Fayette County, Kentucky",21,067,3285,65,3220,345,165,110,70,1805,820,685,300,905,210,395,300,165,50,50,65,516,71,505,143,112,65,64,400,274,218,138,270,113,180,155,125,78,56,75
2012thru2016,050,05000US21069,"Fleming County, Kentucky",21,069,70,4,65,30,30,0,0,35,0,20,15,0,0,0,0,0,0,0,0,64,9,61,46,46,18,18,43,18,36,26,18,18,18,18,18,18,18,18
2012thru2016,050,05000US21071,"Floyd County, Kentucky",21,071,195,40,155,30,20,0,4,75,10,65,0,30,30,0,0,25,0,0,25,127,39,116,43,40,24,16,67,14,66,24,38,38,24,24,41,24,24,41
2012thru2016,050,05000US21073,"Franklin County, Kentucky",21,073,610,65,550,105,105,0,0,410,160,245,0,35,35,0,0,0,0,0,0,228,70,219,91,91,24,24,202,107,166,24,58,58,24,24,24,24,24,24
2012thru2016,050,05000US21075,"Fulton County, Kentucky",21,075,140,50,95,65,15,0,50,15,15,0,0,10,10,0,0,0,0,0,0,71,45,59,49,30,16,38,27,27,16,16,17,17,16,16,16,16,16,16
2012thru2016,050,05000US21077,"Gallatin County, Kentucky",21,077,80,0,80,10,4,4,4,65,10,55,4,0,0,0,0,0,0,0,0,35,16,35,15,10,1,5,33,12,32,3,16,16,16,16,16,16,16,16
2012thru2016,050,05000US21079,"Garrard County, Kentucky",21,079,110,0,110,65,20,20,25,20,0,20,0,30,0,30,0,0,0,0,0,77,18,77,59,38,33,38,31,18,31,18,43,18,43,18,18,18,18,18
2012thru2016,050,05000US21081,"Grant County, Kentucky",21,081,145,0,145,0,0,0,0,70,0,70,0,75,10,70,0,0,0,0,0,107,21,107,21,21,21,21,75,21,75,21,76,15,75,21,21,21,21,21
2012thru2016,050,05000US21083,"Graves County, Kentucky",21,083,160,45,110,4,0,0,4,110,30,80,0,0,0,0,0,0,0,0,0,117,52,103,5,24,24,5,103,45,83,24,24,24,24,24,24,24,24,24
2012thru2016,050,05000US21085,"Grayson County, Kentucky",21,085,90,0,90,0,0,0,0,90,40,40,10,0,0,0,0,0,0,0,0,73,21,73,21,21,21,21,73,47,51,14,21,21,21,21,21,21,21,21
2012thru2016,050,05000US21087,"Green County, Kentucky",21,087,65,4,60,45,30,0,20,10,0,0,10,0,0,0,0,0,0,0,0,56,15,57,56,45,18,34,16,18,18,16,18,18,18,18,18,18,18,18
2012thru2016,050,05000US21089,"Greenup County, Kentucky",21,089,110,20,90,4,0,4,0,55,15,25,15,30,20,0,10,0,0,0,0,65,35,57,16,24,16,24,46,23,37,21,32,33,24,17,24,24,24,24
2012thru2016,050,05000US21091,"Hancock County, Kentucky",21,091,70,0,70,35,20,15,0,4,0,4,0,30,30,0,0,0,0,0,0,57,16,57,34,24,25,16,9,16,9,16,45,45,16,16,16,16,16,16
2012thru2016,050,05000US21093,"Hardin County, Kentucky",21,093,1660,0,1660,110,15,100,0,1080,320,530,230,400,0,245,150,70,30,10,30,341,27,341,96,17,92,27,238,165,174,114,179,27,156,72,47,26,15,37
2012thru2016,050,05000US21095,"Harlan County, Kentucky",21,095,295,0,295,50,0,35,15,245,25,180,40,0,0,0,0,0,0,0,0,126,21,126,40,21,36,17,121,39,97,41,21,21,21,21,21,21,21,21
2012thru2016,050,05000US21097,"Harrison County, Kentucky",21,097,160,0,160,45,45,0,0,105,45,45,10,10,0,0,10,0,0,0,0,97,18,97,51,51,18,18,86,53,68,20,13,18,18,13,18,18,18,18
2012thru2016,050,05000US21099,"Hart County, Kentucky",21,099,75,10,70,45,0,45,0,20,0,20,0,4,0,0,4,0,0,0,0,55,13,47,39,18,39,18,23,18,23,18,6,18,18,6,18,18,18,18
2012thru2016,050,05000US21101,"Henderson County, Kentucky",21,101,235,15,220,95,25,70,0,105,75,0,30,20,10,10,0,0,0,0,0,98,19,98,65,30,57,24,82,71,24,41,23,15,14,24,24,24,24,24
2012thru2016,050,05000US21103,"Henry County, Kentucky",21,103,65,0,65,40,4,10,25,0,0,0,0,25,25,0,0,0,0,0,0,58,18,58,34,17,15,29,18,18,18,18,38,38,18,18,18,18,18,18
2012thru2016,050,05000US21105,"Hickman County, Kentucky",21,105,0,0,0,0,0,0,0,0,0,0,0,0,0,0,0,0,0,0,0,0,0,0,0,11,0,11,11,11,11,11,11,11,11,11,11,11,11,11
2012thru2016,050,05000US21107,"Hopkins County, Kentucky",21,107,415,0,415,80,0,65,10,315,80,180,55,20,0,20,0,0,0,0,0,175,24,175,74,24,74,14,158,64,130,55,38,24,38,24,24,24,24,24
2012thru2016,050,05000US21109,"Jackson County, Kentucky",21,109,55,20,35,20,0,20,0,15,4,10,0,0,0,0,0,0,0,0,0,49,39,33,25,18,25,18,18,10,14,18,18,18,18,18,18,18,18,18
2012thru2016,050,05000US21111,"Jefferson County, Kentucky",21,111,8750,1040,7710,1140,365,635,140,4580,1785,2145,650,1445,540,695,210,545,205,265,75,810,252,719,282,162,190,77,571,323,394,226,296,195,235,126,211,145,127,58
2012thru2016,050,05000US21113,"Jessamine County, Kentucky",21,113,310,70,240,70,15,20,35,155,0,55,100,15,0,0,15,0,0,0,0,139,72,141,69,25,38,51,113,27,61,99,30,27,27,30,27,27,27,27
2012thru2016,050,05000US21115,"Johnson County, Kentucky",21,115,135,45,90,65,0,50,15,4,0,4,0,20,0,20,0,0,0,0,0,106,68,78,85,21,81,23,18,21,18,21,32,21,32,21,21,21,21,21
2012thru2016,050,05000US21117,"Kenton County, Kentucky",21,117,1655,225,1430,260,145,55,60,1020,200,580,245,100,4,95,0,50,20,25,0,342,108,320,115,95,52,50,283,118,221,143,65,15,62,27,56,36,44,27
2012thru2016,050,05000US21119,"Knott County, Kentucky",21,119,95,10,85,70,0,4,70,4,0,0,4,15,15,0,0,0,0,0,0,66,13,64,62,18,5,62,4,18,18,4,12,12,18,18,18,18,18,18
2012thru2016,050,05000US21121,"Knox County, Kentucky",21,121,465,125,340,105,55,10,45,220,50,85,85,15,0,0,15,0,0,0,0,186,97,158,81,64,15,50,131,83,74,92,24,24,24,24,24,24,24,24
2012thru2016,050,05000US21123,"Larue County, Kentucky",21,123,225,45,180,150,75,75,0,35,35,0,0,0,0,0,0,0,0,0,0,121,63,111,109,76,86,18,53,53,18,18,18,18,18,18,18,18,18,18
2012thru2016,050,05000US21125,"Laurel County, Kentucky",21,125,190,0,190,0,0,0,0,190,25,110,60,0,0,0,0,0,0,0,0,116,27,116,27,27,27,27,116,37,94,60,27,27,27,27,27,27,27,27
2012thru2016,050,05000US21127,"Lawrence County, Kentucky",21,127,60,10,50,15,0,15,0,20,0,20,0,10,0,0,10,0,0,0,0,53,19,48,25,18,25,18,31,18,31,18,22,18,18,22,18,18,18,18
2012thru2016,050,05000US21129,"Lee County, Kentucky",21,129,0,0,0,0,0,0,0,0,0,0,0,0,0,0,0,0,0,0,0,0,16,0,0,16,16,0,16,16,16,16,16,16,16,16,16,16,16,16
2012thru2016,050,05000US21131,"Leslie County, Kentucky",21,131,75,65,10,10,0,10,0,0,0,0,0,0,0,0,0,0,0,0,0,76,72,18,18,18,18,18,18,18,18,18,18,18,18,18,18,18,18,18
2012thru2016,050,05000US21133,"Letcher County, Kentucky",21,133,50,0,50,35,20,15,0,10,0,10,0,4,4,0,0,0,0,0,0,39,21,39,34,20,30,21,17,21,17,21,6,6,21,21,21,21,21,21
2012thru2016,050,05000US21135,"Lewis County, Kentucky",21,135,75,10,65,35,0,0,35,20,20,0,0,10,0,10,0,0,0,0,0,54,21,51,40,18,18,40,28,28,18,18,14,18,14,18,18,18,18,18
2012thru2016,050,05000US21137,"Lincoln County, Kentucky",21,137,70,0,70,50,0,50,0,4,4,0,0,15,0,0,15,0,0,0,0,57,21,57,49,21,49,21,5,5,21,21,29,21,21,29,21,21,21,21
2012thru2016,050,05000US21139,"Livingston County, Kentucky",21,139,75,10,60,4,0,4,0,55,0,55,0,4,0,0,4,0,0,0,0,85,15,85,8,16,8,16,84,16,84,16,6,16,16,6,16,16,16,16
2012thru2016,050,05000US21141,"Logan County, Kentucky",21,141,275,75,200,35,0,35,0,130,0,85,45,35,35,0,0,0,0,0,0,134,75,119,37,21,37,21,112,21,92,64,57,57,21,21,21,21,21,21
2012thru2016,050,05000US21143,"Lyon County, Kentucky",21,143,0,0,0,0,0,0,0,0,0,0,0,0,0,0,0,0,0,0,0,0,16,0,16,16,16,16,0,16,0,16,16,16,16,16,16,16,16,16
2012thru2016,050,05000US21145,"McCracken County, Kentucky",21,145,730,45,680,115,15,30,75,315,70,110,135,185,0,185,0,65,0,0,65,239,40,241,83,23,47,65,184,83,112,136,168,27,168,27,73,27,27,73
2012thru2016,050,05000US21147,"McCreary County, Kentucky",21,147,140,15,125,75,0,75,0,50,0,50,0,0,0,0,0,0,0,0,0,91,16,90,72,18,72,18,52,18,52,18,18,18,18,18,18,18,18,18
2012thru2016,050,05000US21149,"McLean County, Kentucky",21,149,25,10,15,10,0,0,10,4,0,0,4,0,0,0,0,0,0,0,0,21,14,19,15,16,16,15,5,16,16,5,16,16,16,16,16,16,16,16
2012thru2016,050,05000US21151,"Madison County, Kentucky",21,151,635,35,605,190,35,120,40,385,10,230,145,25,15,0,10,0,0,0,0,231,37,232,124,52,100,46,162,19,138,89,29,29,27,15,27,27,27,27
2012thru2016,050,05000US21153,"Magoffin County, Kentucky",21,153,100,0,100,25,0,25,0,75,15,45,15,0,0,0,0,0,0,0,0,44,18,44,25,18,25,18,39,17,35,19,18,18,18,18,18,18,18,18
2012thru2016,050,05000US21155,"Marion County, Kentucky",21,155,60,10,45,4,0,0,4,40,0,35,4,0,0,0,0,0,0,0,0,52,15,52,11,18,18,11,51,18,51,10,18,18,18,18,18,18,18,18
2012thru2016,050,05000US21157,"Marshall County, Kentucky",21,157,165,4,160,30,4,25,0,65,0,25,40,60,30,25,4,4,0,4,0,122,24,121,30,10,30,24,75,24,39,63,63,47,40,10,10,24,10,24
2012thru2016,050,05000US21159,"Martin County, Kentucky",21,159,35,4,30,0,0,0,0,30,0,30,0,0,0,0,0,4,4,0,0,42,10,41,18,18,18,18,42,18,42,18,18,18,18,18,4,4,18,18
2012thru2016,050,05000US21161,"Mason County, Kentucky",21,161,310,55,255,30,30,0,0,180,0,80,100,50,25,0,25,0,0,0,0,137,61,130,47,47,18,18,109,18,75,79,56,41,18,37,18,18,18,18
2012thru2016,050,05000US21163,"Meade County, Kentucky",21,163,300,20,275,0,0,0,0,115,10,100,0,165,20,75,65,0,0,0,0,116,33,111,21,21,21,21,56,19,57,21,98,23,84,42,21,21,21,21
2012thru2016,050,05000US21165,"Menifee County, Kentucky",21,165,70,25,45,25,4,0,15,25,15,10,0,0,0,0,0,0,0,0,0,45,30,34,26,10,16,24,28,22,13,16,16,16,16,16,16,16,16,16
2012thru2016,050,05000US21167,"Mercer County, Kentucky",21,167,75,25,50,0,0,0,0,50,0,30,20,0,0,0,0,0,0,0,0,68,37,58,21,21,21,21,58,21,44,37,21,21,21,21,21,21,21,21
2012thru2016,050,05000US21169,"Metcalfe County, Kentucky",21,169,0,0,0,0,0,0,0,0,0,0,0,0,0,0,0,0,0,0,0,0,0,0,16,16,16,16,0,16,0,16,16,16,16,16,16,16,16,16
2012thru2016,050,05000US21171,"Monroe County, Kentucky",21,171,115,35,80,55,0,45,10,0,0,0,0,25,10,4,10,0,0,0,0,70,33,58,52,18,51,13,18,18,18,18,27,19,8,17,18,18,18,18
2012thru2016,050,05000US21173,"Montgomery County, Kentucky",21,173,360,0,360,20,0,20,0,295,0,170,130,25,20,0,4,20,0,20,0,167,21,167,31,21,31,21,161,21,126,104,30,31,21,16,34,21,34,21
2012thru2016,050,05000US21175,"Morgan County, Kentucky",21,175,75,0,75,60,0,30,30,15,4,10,0,0,0,0,0,0,0,0,0,59,18,59,56,18,33,46,19,4,15,18,18,18,18,18,18,18,18,18
2012thru2016,050,05000US21177,"Muhlenberg County, Kentucky",21,177,475,0,475,245,0,210,35,180,95,70,20,45,0,4,40,0,0,0,0,191,24,191,153,24,135,57,113,81,82,32,62,24,10,61,24,24,24,24
2012thru2016,050,05000US21179,"Nelson County, Kentucky",21,179,260,40,220,125,15,85,25,95,35,0,60,0,0,0,0,0,0,0,0,162,52,142,96,15,88,36,102,60,24,84,24,24,24,24,24,24,24,24
2012thru2016,050,05000US21181,"Nicholas County, Kentucky",21,181,0,0,0,0,0,0,0,0,0,0,0,0,0,0,0,0,0,0,0,0,16,0,0,16,16,0,0,16,0,16,16,16,16,16,16,16,16,16
2012thru2016,050,05000US21183,"Ohio County, Kentucky",21,183,45,0,45,20,20,0,0,30,0,15,15,0,0,0,0,0,0,0,0,40,21,40,31,31,21,21,32,21,22,25,21,21,21,21,21,21,21,21
2012thru2016,050,05000US21185,"Oldham County, Kentucky",21,185,125,0,125,0,0,0,0,20,0,0,20,80,30,45,10,25,0,0,25,86,27,86,27,27,27,27,28,27,27,28,82,47,51,15,38,27,27,38
2012thru2016,050,05000US21187,"Owen County, Kentucky",21,187,0,0,0,0,0,0,0,0,0,0,0,0,0,0,0,0,0,0,0,0,0,18,18,18,18,18,18,18,18,18,18,18,18,18,18,18,18,18
2012thru2016,050,05000US21189,"Owsley County, Kentucky",21,189,0,0,0,0,0,0,0,0,0,0,0,0,0,0,0,0,0,0,0,0,11,0,0,11,11,0,11,11,11,11,11,11,11,11,11,11,11,11
2012thru2016,050,05000US21191,"Pendleton County, Kentucky",21,191,50,0,50,50,10,15,25,0,0,0,0,0,0,0,0,0,0,0,0,38,18,38,38,13,23,29,18,18,18,18,18,18,18,18,18,18,18,18
2012thru2016,050,05000US21193,"Perry County, Kentucky",21,193,225,90,135,30,0,30,0,60,0,25,35,45,45,0,0,0,0,0,0,145,92,98,38,21,38,21,51,21,38,37,76,76,21,21,21,21,21,21
2012thru2016,050,05000US21195,"Pike County, Kentucky",21,195,520,100,420,35,0,35,0,225,55,80,90,115,35,70,15,45,45,0,0,172,79,149,31,27,31,27,125,61,60,78,86,34,79,23,56,56,27,27
2012thru2016,050,05000US21197,"Powell County, Kentucky",21,197,110,30,80,0,0,0,0,35,0,25,10,20,0,20,0,25,0,25,0,69,41,53,18,18,18,18,35,18,29,19,19,18,19,18,40,18,40,18
2012thru2016,050,05000US21199,"Pulaski County, Kentucky",21,199,695,90,605,160,0,75,85,240,145,15,85,190,0,165,25,10,0,0,10,239,65,246,128,27,69,90,157,109,22,77,128,27,123,38,20,27,27,20
2012thru2016,050,05000US21201,"Robertson County, Kentucky",21,201,0,0,0,0,0,0,0,0,0,0,0,0,0,0,0,0,0,0,0,0,11,0,0,0,11,11,0,0,11,11,11,11,11,11,11,11,11,11
2012thru2016,050,05000US21203,"Rockcastle County, Kentucky",21,203,100,0,100,15,4,10,0,60,0,45,10,30,4,25,0,0,0,0,0,53,18,53,19,18,13,18,44,18,43,15,29,5,27,18,18,18,18,18
2012thru2016,050,05000US21205,"Rowan County, Kentucky",21,205,480,55,430,70,0,30,40,245,0,185,60,85,40,45,0,35,0,35,0,238,85,221,75,21,47,60,177,21,163,66,93,63,66,21,54,21,54,21
2012thru2016,050,05000US21207,"Russell County, Kentucky",21,207,180,20,160,70,15,40,15,90,15,70,4,0,0,0,0,0,0,0,0,78,38,74,44,22,35,22,62,23,57,14,18,18,18,18,18,18,18,18
2012thru2016,050,05000US21209,"Scott County, Kentucky",21,209,305,0,305,20,0,0,20,155,30,110,20,95,0,35,60,35,0,35,0,104,27,104,25,27,27,25,106,42,90,32,76,27,45,63,52,27,52,27
2012thru2016,050,05000US21211,"Shelby County, Kentucky",21,211,245,0,245,30,0,30,0,140,45,75,15,45,0,15,25,35,0,0,35,154,24,154,44,24,44,24,108,49,83,27,45,24,32,35,56,24,24,56
2012thru2016,050,05000US21213,"Simpson County, Kentucky",21,213,175,0,175,40,0,0,40,100,20,65,20,35,0,35,0,0,0,0,0,107,18,107,47,18,18,47,80,34,72,32,55,18,55,18,18,18,18,18
2012thru2016,050,05000US21215,"Spencer County, Kentucky",21,215,55,0,55,0,0,0,0,55,35,15,0,0,0,0,0,0,0,0,0,58,18,58,18,18,18,18,58,55,23,18,18,18,18,18,18,18,18,18
2012thru2016,050,05000US21217,"Taylor County, Kentucky",21,217,185,0,185,0,0,0,0,185,0,105,80,0,0,0,0,0,0,0,0,133,21,133,21,21,21,21,133,21,107,83,21,21,21,21,21,21,21,21
2012thru2016,050,05000US21219,"Todd County, Kentucky",21,219,155,55,100,15,15,0,0,85,15,70,0,0,0,0,0,0,0,0,0,80,43,71,22,22,18,18,68,25,64,18,18,18,18,18,18,18,18,18
2012thru2016,050,05000US21221,"Trigg County, Kentucky",21,221,80,15,65,10,10,0,0,55,25,30,0,0,0,0,0,0,0,0,0,59,30,55,15,15,18,18,54,28,45,18,18,18,18,18,18,18,18,18
2012thru2016,050,05000US21223,"Trimble County, Kentucky",21,223,50,4,45,4,0,4,0,40,20,4,15,0,0,0,0,0,0,0,0,35,12,35,11,16,11,16,34,25,5,23,16,16,16,16,16,16,16,16
2012thru2016,050,05000US21225,"Union County, Kentucky",21,225,45,0,45,10,0,10,0,40,0,40,0,0,0,0,0,0,0,0,0,49,18,49,13,18,13,18,47,18,47,18,18,18,18,18,18,18,18,18
2012thru2016,050,05000US21227,"Warren County, Kentucky",21,227,800,25,775,295,45,65,190,305,150,65,90,145,0,65,80,25,0,0,25,270,29,267,160,51,76,142,156,117,54,99,168,27,86,113,32,27,27,32
2012thru2016,050,05000US21229,"Washington County, Kentucky",21,229,45,0,45,20,0,20,0,25,15,10,4,0,0,0,0,0,0,0,0,38,18,38,26,18,26,18,30,25,14,4,18,18,18,18,18,18,18,18
2012thru2016,050,05000US21231,"Wayne County, Kentucky",21,231,285,30,255,160,0,110,50,50,0,50,0,45,45,0,0,0,0,0,0,156,44,149,108,21,96,55,76,21,76,21,73,73,21,21,21,21,21,21
2012thru2016,050,05000US21233,"Webster County, Kentucky",21,233,65,0,65,20,20,0,0,15,15,0,0,0,0,0,0,25,25,0,0,57,18,57,38,38,18,18,23,23,18,18,18,18,18,18,39,39,18,18
2012thru2016,050,05000US21235,"Whitley County, Kentucky",21,235,465,60,405,125,0,15,110,285,0,190,95,0,0,0,0,0,0,0,0,217,64,209,115,24,27,113,161,24,132,98,24,24,24,24,24,24,24,24
2012thru2016,050,05000US21237,"Wolfe County, Kentucky",21,237,0,0,0,0,0,0,0,0,0,0,0,0,0,0,0,0,0,0,0,0,16,0,16,16,16,16,0,16,0,16,16,16,16,16,16,16,16,16
2012thru2016,050,05000US21239,"Woodford County, Kentucky",21,239,145,0,145,25,0,0,25,100,20,50,25,25,25,0,0,0,0,0,0,93,21,93,36,21,21,36,82,26,59,40,37,37,21,21,21,21,21,21
2012thru2016,050,05000US22001,"Acadia Parish, Louisiana",22,001,525,215,310,45,4,30,10,195,0,40,155,70,0,25,40,0,0,0,0,168,124,133,43,10,40,13,112,29,40,101,71,29,41,57,29,29,29,29
2012thru2016,050,05000US22003,"Allen Parish, Louisiana",22,003,160,20,140,0,0,0,0,140,50,90,4,0,0,0,0,0,0,0,0,94,34,88,23,23,23,23,88,53,76,5,23,23,23,23,23,23,23,23
2012thru2016,050,05000US22005,"Ascension Parish, Louisiana",22,005,335,0,335,25,0,0,25,140,0,95,45,90,20,0,70,80,0,0,80,194,29,194,39,29,29,39,113,29,88,64,72,33,29,80,110,29,29,110
2012thru2016,050,05000US22007,"Assumption Parish, Louisiana",22,007,135,30,105,45,0,25,20,60,0,30,25,0,0,0,0,0,0,0,0,82,40,74,54,23,45,33,56,23,45,31,23,23,23,23,23,23,23,23
2012thru2016,050,05000US22009,"Avoyelles Parish, Louisiana",22,009,545,80,465,125,20,0,105,180,0,60,120,115,0,40,75,45,0,45,0,241,78,225,112,24,26,109,125,26,56,115,94,26,53,81,69,26,69,26
2012thru2016,050,05000US22011,"Beauregard Parish, Louisiana",22,011,185,4,180,20,4,4,10,150,55,35,55,10,0,0,10,0,0,0,0,90,10,89,15,10,2,16,86,32,26,70,14,26,26,14,26,26,26,26
2012thru2016,050,05000US22013,"Bienville Parish, Louisiana",22,013,80,45,35,35,0,0,35,0,0,0,0,0,0,0,0,0,0,0,0,46,38,29,29,19,19,29,19,19,19,19,19,19,19,19,19,19,19,19
2012thru2016,050,05000US22015,"Bossier Parish, Louisiana",22,015,1585,155,1425,50,15,25,10,135,0,95,35,820,170,370,280,420,50,180,190,380,83,380,44,23,34,20,123,29,113,44,279,118,196,136,206,45,113,168
2012thru2016,050,05000US22017,"Caddo Parish, Louisiana",22,017,3980,680,3300,325,115,120,90,970,335,370,265,1590,575,680,335,415,270,100,45,542,180,502,126,78,82,61,247,149,160,136,384,210,225,174,167,149,96,50
2012thru2016,050,05000US22019,"Calcasieu Parish, Louisiana",22,019,2180,270,1910,135,0,35,100,510,110,235,165,1035,150,540,345,230,0,65,165,446,141,415,91,29,43,78,188,85,137,104,305,94,219,243,173,29,83,134
2012thru2016,050,05000US22021,"Caldwell Parish, Louisiana",22,021,50,0,50,35,0,10,25,10,0,0,10,4,0,4,0,0,0,0,0,36,17,36,36,17,16,38,13,17,17,13,10,17,10,17,17,17,17,17
2012thru2016,050,05000US22023,"Cameron Parish, Louisiana",22,023,0,0,0,0,0,0,0,0,0,0,0,0,0,0,0,0,0,0,0,0,17,0,17,17,17,17,0,17,17,0,17,17,17,17,17,17,17,17
2012thru2016,050,05000US22025,"Catahoula Parish, Louisiana",22,025,30,4,30,4,4,0,0,20,0,0,20,0,0,0,0,0,0,0,0,30,4,30,14,14,19,19,25,19,19,25,19,19,19,19,19,19,19,19
2012thru2016,050,05000US22027,"Claiborne Parish, Louisiana",22,027,45,30,10,10,0,0,10,0,0,0,0,0,0,0,0,0,0,0,0,41,36,19,19,19,19,19,19,19,19,19,19,19,19,19,19,19,19,19
2012thru2016,050,05000US22029,"Concordia Parish, Louisiana",22,029,240,80,160,60,0,30,30,95,0,95,0,4,0,4,0,0,0,0,0,127,70,103,67,23,42,50,89,23,89,23,23,23,23,23,23,23,23,23
2012thru2016,050,05000US22031,"De Soto Parish, Louisiana",22,031,150,0,150,70,25,0,45,80,10,25,45,0,0,0,0,0,0,0,0,80,23,80,50,29,23,50,67,13,35,54,23,23,23,23,23,23,23,23
2012thru2016,050,05000US22033,"East Baton Rouge Parish, Louisiana",22,033,6770,360,6410,510,65,270,175,2355,790,1115,450,2805,1465,965,380,735,155,155,425,682,159,676,190,61,151,120,411,211,282,169,525,362,333,173,260,125,137,199
2012thru2016,050,05000US22035,"East Carroll Parish, Louisiana",22,035,80,30,50,30,0,30,0,0,0,0,0,20,0,0,20,0,0,0,0,59,32,51,38,17,38,17,17,17,17,17,33,17,17,33,17,17,17,17
2012thru2016,050,05000US22037,"East Feliciana Parish, Louisiana",22,037,30,4,20,10,0,0,10,4,0,4,0,4,0,0,4,0,0,0,0,25,16,23,14,19,19,14,10,19,10,19,10,19,19,10,19,19,19,19
2012thru2016,050,05000US22039,"Evangeline Parish, Louisiana",22,039,330,130,200,95,4,35,55,75,20,25,30,30,0,0,30,0,0,0,0,132,79,103,63,10,44,45,66,38,38,43,47,26,26,47,26,26,26,26
2012thru2016,050,05000US22041,"Franklin Parish, Louisiana",22,041,160,45,120,45,0,10,30,75,45,30,0,0,0,0,0,0,0,0,0,82,35,77,41,23,22,38,57,51,27,23,23,23,23,23,23,23,23,23
2012thru2016,050,05000US22043,"Grant Parish, Louisiana",22,043,110,35,75,35,0,30,4,40,10,10,15,4,0,0,4,0,0,0,0,53,40,38,26,23,24,23,32,21,18,19,6,23,23,6,23,23,23,23
2012thru2016,050,05000US22045,"Iberia Parish, Louisiana",22,045,1050,230,825,140,90,35,15,410,85,205,120,185,60,0,125,90,0,90,0,323,128,303,113,106,39,23,169,69,136,84,156,93,29,128,102,29,102,29
2012thru2016,050,05000US22047,"Iberville Parish, Louisiana",22,047,215,35,180,45,0,25,20,70,0,70,0,25,4,20,0,40,30,10,0,96,34,85,37,26,29,24,76,26,76,26,29,11,28,26,51,49,14,26
2012thru2016,050,05000US22049,"Jackson Parish, Louisiana",22,049,75,35,40,20,0,20,0,20,0,20,0,0,0,0,0,0,0,0,0,57,36,44,34,19,34,19,31,19,31,19,19,19,19,19,19,19,19,19
2012thru2016,050,05000US22051,"Jefferson Parish, Louisiana",22,051,6045,840,5205,265,80,185,0,1060,310,465,285,3280,1700,1200,380,595,315,195,85,631,214,568,120,61,107,29,227,135,148,125,474,308,304,161,203,160,128,70
2012thru2016,050,05000US22053,"Jefferson Davis Parish, Louisiana",22,053,250,25,225,140,0,100,40,50,20,0,30,35,0,0,35,0,0,0,0,138,40,127,108,26,98,46,50,39,26,35,47,26,26,47,26,26,26,26
2012thru2016,050,05000US22055,"Lafayette Parish, Louisiana",22,055,2510,220,2290,180,4,90,85,710,110,425,175,840,295,405,140,560,175,185,205,433,125,418,117,14,94,74,231,79,177,155,280,184,195,92,212,131,123,135
2012thru2016,050,05000US22057,"Lafourche Parish, Louisiana",22,057,305,35,270,25,10,0,15,185,45,65,75,45,0,45,0,15,15,0,0,118,30,109,29,20,29,23,88,49,50,63,56,29,56,29,28,28,29,29
2012thru2016,050,05000US22059,"LaSalle Parish, Louisiana",22,059,0,0,0,0,0,0,0,0,0,0,0,0,0,0,0,0,0,0,0,0,19,0,0,19,19,0,0,19,0,19,19,19,19,19,19,19,19,19
2012thru2016,050,05000US22061,"Lincoln Parish, Louisiana",22,061,540,85,455,75,25,20,35,150,0,100,50,205,35,80,90,20,0,0,20,202,74,185,84,37,32,55,88,26,77,54,128,59,91,93,33,26,26,33
2012thru2016,050,05000US22063,"Livingston Parish, Louisiana",22,063,710,275,435,110,0,65,45,150,15,60,70,95,30,55,10,85,0,85,0,309,187,226,105,29,72,70,117,23,71,86,78,46,62,14,136,29,136,29
2012thru2016,050,05000US22065,"Madison Parish, Louisiana",22,065,155,20,135,80,0,50,30,20,0,10,10,35,15,0,20,0,0,0,0,68,27,64,55,19,42,34,27,19,19,17,31,25,19,22,19,19,19,19
2012thru2016,050,05000US22067,"Morehouse Parish, Louisiana",22,067,250,15,235,100,20,50,25,75,20,25,30,60,0,0,60,0,0,0,0,133,28,129,82,32,57,42,62,33,33,37,92,23,23,92,23,23,23,23
2012thru2016,050,05000US22069,"Natchitoches Parish, Louisiana",22,069,815,285,530,195,40,45,115,145,30,50,70,165,45,40,80,20,0,0,20,185,126,154,100,45,47,78,91,38,50,65,124,53,68,86,40,26,26,40
2012thru2016,050,05000US22071,"Orleans Parish, Louisiana",22,071,7910,1990,5925,485,160,160,165,1405,335,765,310,2840,1120,1320,400,1190,490,470,230,527,283,476,148,85,80,92,234,96,187,105,321,186,199,131,243,141,129,99
2012thru2016,050,05000US22073,"Ouachita Parish, Louisiana",22,073,2155,90,2065,280,45,105,135,725,155,170,400,930,225,450,255,130,20,45,60,393,77,376,122,42,63,99,228,112,80,168,268,139,196,119,112,52,70,63
2012thru2016,050,05000US22075,"Plaquemines Parish, Louisiana",22,075,80,0,80,0,0,0,0,0,0,0,0,80,0,65,10,0,0,0,0,85,23,85,23,23,23,23,23,23,23,23,85,23,83,21,23,23,23,23
2012thru2016,050,05000US22077,"Pointe Coupee Parish, Louisiana",22,077,150,20,130,120,25,45,50,10,0,0,10,0,0,0,0,0,0,0,0,92,28,90,86,37,49,63,21,23,23,21,23,23,23,23,23,23,23,23
2012thru2016,050,05000US22079,"Rapides Parish, Louisiana",22,079,1665,345,1320,130,75,60,0,475,35,320,120,600,65,315,225,115,10,65,45,364,116,331,99,65,60,29,206,44,175,88,216,68,175,134,81,13,71,40
2012thru2016,050,05000US22081,"Red River Parish, Louisiana",22,081,55,25,25,15,15,0,0,10,0,0,10,0,0,0,0,0,0,0,0,52,44,31,23,23,17,17,20,17,17,20,17,17,17,17,17,17,17,17
2012thru2016,050,05000US22083,"Richland Parish, Louisiana",22,083,120,25,95,20,0,15,4,65,15,50,0,15,0,0,15,0,0,0,0,67,41,55,24,23,23,23,47,24,42,23,24,23,23,24,23,23,23,23
2012thru2016,050,05000US22085,"Sabine Parish, Louisiana",22,085,180,4,175,95,10,20,65,40,4,15,15,40,25,0,15,0,0,0,0,76,8,75,57,15,17,55,24,10,12,21,49,43,23,25,23,23,23,23
2012thru2016,050,05000US22087,"St. Bernard Parish, Louisiana",22,087,500,135,365,40,15,15,10,105,10,70,25,195,45,85,70,25,15,0,10,123,65,104,37,23,22,22,57,18,46,36,73,35,64,48,28,23,26,16
2012thru2016,050,05000US22089,"St. Charles Parish, Louisiana",22,089,335,35,300,10,0,0,10,85,0,40,45,205,120,30,55,0,0,0,0,155,27,154,20,29,29,20,70,29,48,55,144,108,26,88,29,29,29,29
2012thru2016,050,05000US22091,"St. Helena Parish, Louisiana",22,091,60,0,60,20,0,0,20,40,0,40,0,0,0,0,0,0,0,0,0,70,19,70,33,19,19,33,64,19,64,19,19,19,19,19,19,19,19,19
2012thru2016,050,05000US22093,"St. James Parish, Louisiana",22,093,80,45,35,20,0,0,20,15,0,0,15,0,0,0,0,0,0,0,0,66,56,42,37,23,23,37,24,23,23,24,23,23,23,23,23,23,23,23
2012thru2016,050,05000US22095,"St. John the Baptist Parish, Louisiana",22,095,350,110,240,40,0,30,15,20,0,10,15,135,0,0,135,40,0,20,20,157,102,124,49,26,43,24,27,26,16,22,120,26,26,120,51,26,34,40
2012thru2016,050,05000US22097,"St. Landry Parish, Louisiana",22,097,1075,185,890,390,100,160,130,330,70,145,110,160,40,50,65,10,0,0,10,264,89,244,162,67,79,122,134,63,75,68,88,43,44,58,13,29,29,13
2012thru2016,050,05000US22099,"St. Martin Parish, Louisiana",22,099,380,95,285,65,40,0,25,220,50,95,80,0,0,0,0,0,0,0,0,150,100,114,72,60,29,40,105,72,101,78,29,29,29,29,29,29,29,29
2012thru2016,050,05000US22101,"St. Mary Parish, Louisiana",22,101,480,195,280,55,45,0,15,115,50,40,25,110,60,30,25,0,0,0,0,124,99,94,54,49,29,24,70,53,49,33,78,62,33,35,29,29,29,29
2012thru2016,050,05000US22103,"St. Tammany Parish, Louisiana",22,103,2180,540,1640,115,20,100,0,440,130,200,105,695,205,205,285,385,130,50,205,436,242,367,117,35,112,29,185,105,112,96,226,135,108,173,196,119,65,147
2012thru2016,050,05000US22105,"Tangipahoa Parish, Louisiana",22,105,1220,280,940,0,0,0,0,320,55,200,65,540,145,360,40,80,35,0,45,304,167,255,29,29,29,29,134,71,105,46,187,110,148,65,82,59,29,59
2012thru2016,050,05000US22107,"Tensas Parish, Louisiana",22,107,55,10,45,20,4,20,0,25,0,10,15,0,0,0,0,0,0,0,0,37,14,35,23,3,23,12,23,12,14,23,12,12,12,12,12,12,12,12
2012thru2016,050,05000US22109,"Terrebonne Parish, Louisiana",22,109,1025,225,800,105,0,105,0,215,25,130,55,440,80,255,105,45,0,45,0,339,154,309,120,29,120,29,131,48,109,65,203,86,128,115,72,29,72,29
2012thru2016,050,05000US22111,"Union Parish, Louisiana",22,111,150,10,140,40,0,40,0,90,25,15,50,15,4,10,0,0,0,0,0,102,14,101,45,23,45,23,92,37,16,79,18,14,13,23,23,23,23,23
2012thru2016,050,05000US22113,"Vermilion Parish, Louisiana",22,113,335,85,255,100,0,65,35,125,0,60,65,30,30,0,0,0,0,0,0,158,82,134,89,29,69,53,99,29,65,69,35,35,29,29,29,29,29,29
2012thru2016,050,05000US22115,"Vernon Parish, Louisiana",22,115,1170,65,1100,95,10,35,50,230,35,145,55,575,75,310,190,200,25,125,50,198,35,199,70,15,23,68,95,25,71,35,146,34,114,74,89,42,80,42
2012thru2016,050,05000US22117,"Washington Parish, Louisiana",22,117,570,180,395,100,25,40,35,170,30,45,95,125,65,60,0,0,0,0,0,205,113,184,84,40,63,41,112,35,71,88,106,78,69,26,26,26,26,26
2012thru2016,050,05000US22119,"Webster Parish, Louisiana",22,119,435,80,355,10,4,4,0,190,85,50,55,110,10,80,25,45,0,25,20,178,89,150,13,2,8,26,108,87,50,45,101,13,94,36,48,26,39,29
2012thru2016,050,05000US22121,"West Baton Rouge Parish, Louisiana",22,121,220,65,155,0,0,0,0,60,0,20,40,75,55,20,0,25,0,0,25,128,71,95,23,23,23,23,50,23,29,46,72,67,32,23,37,23,23,37
2012thru2016,050,05000US22123,"West Carroll Parish, Louisiana",22,123,60,0,60,35,0,10,25,15,0,4,10,10,0,10,0,0,0,0,0,47,19,47,40,19,17,39,19,19,19,14,14,19,14,19,19,19,19,19
2012thru2016,050,05000US22125,"West Feliciana Parish, Louisiana",22,125,140,0,140,45,0,20,20,25,10,4,10,55,35,20,0,15,10,4,0,71,19,71,43,19,36,28,20,14,10,14,52,56,20,19,17,15,13,19
2012thru2016,050,05000US22127,"Winn Parish, Louisiana",22,127,290,175,120,90,0,90,0,30,0,0,30,0,0,0,0,0,0,0,0,123,114,93,81,19,81,19,42,19,19,42,19,19,19,19,19,19,19,19
2012thru2016,050,05000US23001,"Androscoggin County, Maine",23,001,735,120,615,75,0,30,45,125,30,85,10,400,65,100,235,15,0,15,0,210,100,186,59,23,47,34,81,36,70,17,162,72,64,106,23,23,23,23
2012thru2016,050,05000US23003,"Aroostook County, Maine",23,003,825,90,735,55,20,4,30,545,255,125,165,125,90,35,0,15,10,0,4,192,54,193,34,20,7,26,168,115,71,96,78,64,44,23,19,13,23,23
2012thru2016,050,05000US23005,"Cumberland County, Maine",23,005,1820,25,1795,190,15,125,50,685,240,320,120,670,355,185,135,250,50,95,105,362,41,362,125,31,94,79,209,117,152,97,211,181,118,103,157,58,75,92
2012thru2016,050,05000US23007,"Franklin County, Maine",23,007,240,0,240,40,10,25,4,160,45,85,35,15,4,10,0,25,15,10,0,111,21,111,35,13,27,17,99,35,93,26,11,5,10,21,21,18,13,21
2012thru2016,050,05000US23009,"Hancock County, Maine",23,009,350,4,345,25,4,0,20,155,50,40,70,130,40,80,4,35,25,0,10,122,23,120,15,23,23,15,89,63,32,60,78,39,72,10,27,22,23,13
2012thru2016,050,05000US23011,"Kennebec County, Maine",23,011,790,145,645,15,0,15,0,440,200,115,125,195,85,100,15,0,0,0,0,217,84,206,23,23,23,23,154,127,77,113,109,77,70,25,23,23,23,23
2012thru2016,050,05000US23013,"Knox County, Maine",23,013,225,0,225,4,0,0,4,25,25,0,4,190,100,45,45,10,0,10,0,124,21,124,21,21,21,21,38,39,21,4,119,100,71,67,13,21,13,21
2012thru2016,050,05000US23015,"Lincoln County, Maine",23,015,415,10,405,65,55,0,15,140,30,0,110,155,90,55,15,40,30,4,4,133,15,131,73,70,21,23,95,23,21,92,98,88,43,20,40,37,10,16
2012thru2016,050,05000US23017,"Oxford County, Maine",23,017,1490,35,1450,330,85,160,85,670,155,325,195,340,205,60,75,115,80,20,15,292,32,290,116,52,80,69,180,97,127,108,145,103,47,80,89,81,37,19
2012thru2016,050,05000US23019,"Penobscot County, Maine",23,019,1175,165,1010,55,45,10,0,395,225,175,0,515,100,230,185,40,20,0,25,239,104,224,47,46,13,23,154,111,105,23,167,70,122,110,36,19,23,32
2012thru2016,050,05000US23021,"Piscataquis County, Maine",23,021,50,0,50,10,4,4,0,30,15,4,10,0,0,0,0,10,0,4,4,33,16,33,14,9,10,16,29,25,10,15,16,16,16,16,14,16,3,18
2012thru2016,050,05000US23023,"Sagadahoc County, Maine",23,023,285,50,235,45,20,25,0,120,10,65,45,35,0,0,35,40,10,0,30,139,78,115,50,32,39,21,72,19,60,40,51,21,21,51,50,14,21,46
2012thru2016,050,05000US23025,"Somerset County, Maine",23,025,380,4,375,60,20,4,40,115,65,4,45,135,100,40,0,65,25,20,20,128,5,131,36,20,4,29,91,80,1,31,73,77,44,23,40,20,31,20
2012thru2016,050,05000US23027,"Waldo County, Maine",23,027,170,0,170,65,55,10,4,30,10,0,20,75,65,10,0,0,0,0,0,97,21,97,55,53,13,10,28,13,21,21,83,80,13,21,21,21,21,21
2012thru2016,050,05000US23029,"Washington County, Maine",23,029,290,0,290,100,4,25,70,85,40,40,10,40,10,20,10,65,25,35,4,81,21,81,50,2,18,45,44,26,30,14,30,13,23,14,31,21,24,13
2012thru2016,050,05000US23031,"York County, Maine",23,031,1620,35,1585,220,45,180,0,565,55,275,235,655,105,455,95,145,10,45,90,359,37,366,157,66,145,23,231,64,151,147,223,68,188,82,112,13,73,82
2012thru2016,050,05000US24001,"Allegany County, Maryland",24,001,685,50,635,105,0,50,50,465,160,190,115,40,20,20,0,30,15,15,0,174,48,170,74,28,56,59,145,101,90,84,56,38,35,28,31,25,22,28
2012thru2016,050,05000US24003,"Anne Arundel County, Maryland",24,003,2685,65,2620,100,50,25,20,550,145,150,260,975,290,345,335,1000,215,515,270,446,55,445,67,43,43,31,225,98,116,173,270,175,176,149,261,134,211,119
2012thru2016,050,05000US24005,"Baltimore County, Maryland",24,005,7300,350,6950,250,55,45,150,3150,765,1730,655,2575,900,875,800,975,540,195,240,821,159,793,134,48,51,108,528,200,412,214,467,304,258,225,298,213,160,134
2012thru2016,050,05000US24009,"Calvert County, Maryland",24,009,235,20,215,0,0,0,0,60,0,0,60,90,0,10,80,65,0,0,65,150,35,136,28,28,28,28,68,28,28,68,82,28,15,81,62,28,28,62
2012thru2016,050,05000US24011,"Caroline County, Maryland",24,011,295,25,270,60,15,15,30,80,4,40,40,105,50,30,25,30,0,30,0,107,40,105,47,17,25,32,52,25,36,40,74,50,27,34,40,25,40,25
2012thru2016,050,05000US24013,"Carroll County, Maryland",24,013,470,0,470,40,0,40,0,235,105,65,70,195,0,75,120,0,0,0,0,174,28,174,52,28,52,28,110,68,61,95,123,28,86,87,28,28,28,28
2012thru2016,050,05000US24015,"Cecil County, Maryland",24,015,810,35,775,50,0,0,50,475,115,230,130,250,45,205,0,0,0,0,0,257,39,255,47,28,28,47,212,90,146,103,154,62,140,28,28,28,28,28
2012thru2016,050,05000US24017,"Charles County, Maryland",24,017,755,0,755,180,0,60,120,210,15,60,135,190,0,85,105,175,45,80,50,208,28,208,110,28,65,91,117,23,68,95,124,28,81,101,90,54,72,74
2012thru2016,050,05000US24019,"Dorchester County, Maryland",24,019,180,0,180,35,25,10,0,80,35,45,0,60,25,25,10,4,4,0,0,94,25,94,45,40,15,25,63,37,50,25,53,40,40,19,3,3,25,25
2012thru2016,050,05000US24021,"Frederick County, Maryland",24,021,560,45,515,25,0,25,4,285,10,180,95,155,15,35,105,45,0,0,45,208,45,213,38,28,39,4,160,18,130,80,116,25,45,103,51,28,28,51
2012thru2016,050,05000US24023,"Garrett County, Maryland",24,023,580,25,550,295,0,50,245,140,20,70,55,60,4,30,25,55,0,0,55,200,43,195,133,22,59,122,89,20,62,63,62,8,44,42,63,22,22,63
2012thru2016,050,05000US24025,"Harford County, Maryland",24,025,1245,60,1185,55,10,0,45,485,135,170,180,575,70,270,235,70,0,20,50,334,42,335,52,18,28,51,216,115,119,119,198,65,127,120,59,28,15,56
2012thru2016,050,05000US24027,"Howard County, Maryland",24,027,1445,110,1330,55,0,15,35,40,0,15,25,530,65,285,180,710,290,130,290,309,101,301,65,28,30,58,39,28,23,33,200,80,159,115,238,159,101,156
2012thru2016,050,05000US24029,"Kent County, Maryland",24,029,95,0,95,35,15,20,0,35,20,15,0,10,0,10,0,15,0,4,4,48,19,48,27,22,21,19,37,36,16,19,17,19,17,19,15,19,16,11
2012thru2016,050,05000US24031,"Montgomery County, Maryland",24,031,5135,70,5065,325,105,165,60,545,220,250,75,1540,350,690,500,2650,1230,625,800,632,63,641,151,69,119,64,197,108,142,64,319,186,205,164,470,278,232,258
2012thru2016,050,05000US24033,"Prince George's County, Maryland",24,033,8395,285,8110,480,35,120,325,3655,995,1965,695,2905,800,1115,995,1065,330,430,305,602,128,609,146,40,89,119,435,221,346,226,381,219,215,252,254,123,147,149
2012thru2016,050,05000US24035,"Queen Anne's County, Maryland",24,035,180,4,175,50,4,0,45,100,0,30,70,0,0,0,0,25,0,0,25,112,10,113,75,10,25,74,83,25,44,68,25,25,25,25,37,25,25,37
2012thru2016,050,05000US24037,"St. Mary's County, Maryland",24,037,1125,0,1125,75,25,45,0,410,85,295,35,465,25,255,185,180,45,0,130,300,28,300,82,30,74,28,205,83,174,53,207,40,170,120,133,74,28,116
2012thru2016,050,05000US24039,"Somerset County, Maryland",24,039,85,0,85,30,30,0,0,4,0,4,0,50,50,0,0,0,0,0,0,88,22,88,34,34,22,22,14,22,14,22,80,80,22,22,22,22,22,22
2012thru2016,050,05000US24041,"Talbot County, Maryland",24,041,195,50,145,4,4,0,0,65,45,0,20,75,10,30,35,0,0,0,0,124,83,92,14,14,25,25,78,73,25,31,50,16,35,32,25,25,25,25
2012thru2016,050,05000US24043,"Washington County, Maryland",24,043,970,175,795,130,30,50,50,470,185,90,195,175,60,85,35,15,0,0,15,245,111,233,100,29,78,59,189,122,88,121,97,65,71,40,29,28,28,29
2012thru2016,050,05000US24045,"Wicomico County, Maryland",24,045,1215,95,1115,135,40,45,45,370,110,135,125,430,115,135,175,180,50,0,135,330,75,318,108,48,71,71,155,78,118,92,192,96,90,129,144,72,28,127
2012thru2016,050,05000US24047,"Worcester County, Maryland",24,047,4100,220,3885,355,110,75,165,1425,335,550,540,1280,350,655,275,825,330,370,125,462,180,449,142,88,63,86,270,132,156,177,231,126,183,110,199,124,142,75
2012thru2016,050,05000US24510,"Baltimore city, Maryland",24,510,11160,2045,9115,1735,535,585,615,4535,1535,1755,1240,1930,685,740,505,915,385,220,315,920,316,840,315,181,148,171,489,301,365,225,381,194,239,170,262,153,100,169
2012thru2016,050,05000US25001,"Barnstable County, Massachusetts",25,001,1520,45,1475,165,80,65,20,475,85,155,235,675,370,285,20,160,105,10,45,322,73,324,101,72,68,38,153,76,69,112,238,175,143,23,98,89,13,55
2012thru2016,050,05000US25003,"Berkshire County, Massachusetts",25,003,1145,90,1055,100,20,4,75,745,310,325,110,90,30,35,30,120,80,25,15,295,69,286,86,35,14,79,232,174,136,72,64,35,39,37,63,56,31,24
2012thru2016,050,05000US25005,"Bristol County, Massachusetts",25,005,4010,700,3310,470,110,200,160,1395,450,570,375,1195,650,465,80,245,140,60,45,491,242,396,145,83,102,85,242,174,157,127,213,205,170,52,130,96,69,56
2012thru2016,050,05000US25007,"Dukes County, Massachusetts",25,007,30,0,30,4,0,0,4,0,0,0,0,25,0,25,0,0,0,0,0,37,19,37,7,19,19,7,19,19,19,19,36,19,36,19,19,19,19,19
2012thru2016,050,05000US25009,"Essex County, Massachusetts",25,009,4050,295,3755,440,200,145,90,1650,600,595,460,1215,405,625,185,450,315,105,30,534,143,507,166,126,104,62,313,210,180,174,291,171,209,104,222,170,126,27
2012thru2016,050,05000US25011,"Franklin County, Massachusetts",25,011,375,0,375,80,25,10,45,225,85,115,25,70,40,30,0,4,0,0,4,173,28,173,67,36,13,51,149,128,69,41,54,32,43,28,4,28,28,4
2012thru2016,050,05000US25013,"Hampden County, Massachusetts",25,013,3095,270,2825,500,70,260,170,1560,655,540,360,705,250,385,70,60,60,0,0,462,134,428,168,63,130,95,349,261,168,118,190,126,141,68,82,82,28,28
2012thru2016,050,05000US25015,"Hampshire County, Massachusetts",25,015,745,10,730,70,30,15,30,250,75,90,85,310,150,120,45,95,25,25,50,274,21,270,47,31,24,30,179,76,126,97,144,76,109,56,87,28,40,73
2012thru2016,050,05000US25017,"Middlesex County, Massachusetts",25,017,7810,545,7265,545,395,125,25,1745,630,670,445,2320,1060,930,330,2650,1205,1210,235,718,227,682,189,170,86,30,413,251,218,185,379,296,261,159,425,276,286,135
2012thru2016,050,05000US25019,"Nantucket County, Massachusetts",25,019,365,0,365,15,0,0,15,0,0,0,0,160,0,125,35,190,70,90,30,138,19,138,30,19,19,30,19,19,19,19,84,19,77,37,104,60,64,46
2012thru2016,050,05000US25021,"Norfolk County, Massachusetts",25,021,3045,205,2840,230,80,110,40,670,230,220,220,1250,610,460,180,690,295,255,140,538,119,524,138,84,88,46,258,140,120,142,315,247,180,122,263,152,160,120
2012thru2016,050,05000US25023,"Plymouth County, Massachusetts",25,023,2975,445,2530,160,90,70,0,950,200,485,265,1135,265,580,285,280,125,155,0,534,151,487,130,81,78,28,275,116,194,161,264,146,188,141,159,118,123,28
2012thru2016,050,05000US25025,"Suffolk County, Massachusetts",25,025,6365,365,6005,1045,320,415,310,825,290,310,225,1665,675,690,300,2470,1100,985,385,637,155,598,223,151,154,132,234,118,153,104,341,211,184,131,348,262,244,138
2012thru2016,050,05000US25027,"Worcester County, Massachusetts",25,027,6215,715,5500,925,405,210,310,2565,680,1295,590,1500,485,610,405,510,200,260,50,683,188,648,294,212,123,183,390,212,310,155,346,202,211,174,223,129,172,75
2012thru2016,050,05000US26001,"Alcona County, Michigan",26,001,55,0,55,15,0,15,0,45,0,20,20,0,0,0,0,0,0,0,0,29,16,29,15,16,15,16,28,16,18,19,16,16,16,16,16,16,16,16
2012thru2016,050,05000US26003,"Alger County, Michigan",26,003,110,20,90,20,0,0,20,35,10,25,0,15,15,4,0,15,10,0,4,51,26,43,29,14,14,29,27,13,26,14,20,22,14,14,20,13,14,14
2012thru2016,050,05000US26005,"Allegan County, Michigan",26,005,205,0,205,10,0,10,0,150,55,40,55,35,25,10,4,10,10,0,4,103,23,103,12,23,12,23,101,59,65,55,39,39,13,23,19,13,23,23
2012thru2016,050,05000US26007,"Alpena County, Michigan",26,007,195,0,195,55,10,45,0,115,60,45,10,25,25,0,0,0,0,0,0,113,18,113,56,14,50,18,83,55,49,18,40,40,18,18,18,18,18,18
2012thru2016,050,05000US26009,"Antrim County, Michigan",26,009,95,0,95,10,0,0,10,60,20,20,20,4,4,0,0,20,10,0,10,44,18,44,13,18,18,13,35,22,21,22,10,10,18,18,21,13,18,14
2012thru2016,050,05000US26011,"Arenac County, Michigan",26,011,40,4,35,0,0,0,0,35,10,30,0,0,0,0,0,0,0,0,0,29,9,28,16,16,16,16,28,13,26,16,16,16,16,16,16,16,16,16
2012thru2016,050,05000US26013,"Baraga County, Michigan",26,013,110,10,100,50,20,10,20,45,10,35,0,4,4,0,0,4,0,0,4,51,16,50,40,22,15,31,34,20,31,14,14,14,14,14,1,14,14,1
2012thru2016,050,05000US26015,"Barry County, Michigan",26,015,310,25,285,0,0,0,0,235,25,130,80,0,0,0,0,50,0,50,0,191,39,188,23,23,23,23,166,27,127,96,23,23,23,23,82,23,82,23
2012thru2016,050,05000US26017,"Bay County, Michigan",26,017,560,90,475,50,25,0,25,235,120,105,10,190,140,30,20,0,0,0,0,186,76,175,57,43,23,40,135,94,85,14,105,101,37,40,23,23,23,23
2012thru2016,050,05000US26019,"Benzie County, Michigan",26,019,85,4,80,30,4,10,20,30,0,15,15,4,0,4,0,15,15,0,0,38,4,37,20,1,13,18,23,16,17,19,16,16,16,16,22,22,16,16
2012thru2016,050,05000US26021,"Berrien County, Michigan",26,021,1520,230,1290,70,20,0,50,695,355,255,85,355,160,90,105,175,60,80,35,332,136,286,55,32,23,45,202,160,112,59,117,76,63,85,125,59,85,56
2012thru2016,050,05000US26023,"Branch County, Michigan",26,023,340,0,340,20,20,0,0,130,35,60,35,190,140,25,25,0,0,0,0,131,21,131,24,24,21,21,58,37,44,25,119,106,30,42,21,21,21,21
2012thru2016,050,05000US26025,"Calhoun County, Michigan",26,025,1595,235,1360,165,50,60,55,890,360,360,175,250,155,55,40,55,25,0,35,307,100,306,87,50,60,39,237,184,135,89,121,99,52,48,62,39,23,51
2012thru2016,050,05000US26027,"Cass County, Michigan",26,027,70,20,45,15,0,0,15,20,15,4,0,15,15,0,0,0,0,0,0,38,23,39,24,23,23,24,20,18,6,23,25,25,23,23,23,23,23,23
2012thru2016,050,05000US26029,"Charlevoix County, Michigan",26,029,120,4,120,0,0,0,0,85,65,15,4,30,20,10,4,4,0,4,0,63,4,65,18,18,18,18,60,60,19,13,22,17,13,18,5,18,5,18
2012thru2016,050,05000US26031,"Cheboygan County, Michigan",26,031,295,0,295,10,0,10,0,275,90,90,100,0,0,0,0,10,0,10,0,125,18,125,12,18,12,18,125,67,74,77,18,18,18,18,13,18,13,18
2012thru2016,050,05000US26033,"Chippewa County, Michigan",26,033,380,40,340,70,4,15,50,230,20,75,140,20,4,10,10,15,0,10,4,101,39,93,40,11,20,36,89,24,65,70,17,21,13,14,17,21,13,10
2012thru2016,050,05000US26035,"Clare County, Michigan",26,035,100,25,75,20,15,0,4,60,40,20,4,0,0,0,0,0,0,0,0,63,40,51,24,22,21,9,47,43,22,4,21,21,21,21,21,21,21,21
2012thru2016,050,05000US26037,"Clinton County, Michigan",26,037,455,0,455,85,45,30,15,165,45,55,65,105,0,75,30,100,20,0,80,157,23,157,52,39,34,15,95,61,58,63,89,23,80,40,75,32,23,71
2012thru2016,050,05000US26039,"Crawford County, Michigan",26,039,175,10,165,20,10,15,0,95,30,55,10,20,10,10,0,30,15,0,15,72,13,68,28,13,22,16,68,44,49,14,25,18,16,16,31,24,16,22
2012thru2016,050,05000US26041,"Delta County, Michigan",26,041,50,4,45,15,10,10,0,25,4,4,20,0,0,0,0,0,0,0,0,40,10,40,21,13,14,21,35,4,6,33,21,21,21,21,21,21,21,21
2012thru2016,050,05000US26043,"Dickinson County, Michigan",26,043,135,0,135,80,0,55,25,55,50,0,4,0,0,0,0,0,0,0,0,87,18,87,68,18,59,41,61,61,18,10,18,18,18,18,18,18,18,18
2012thru2016,050,05000US26045,"Eaton County, Michigan",26,045,825,105,720,10,4,0,4,480,255,130,95,165,60,80,25,60,25,35,0,223,82,206,13,13,23,1,151,122,78,66,118,60,87,40,59,41,42,23
2012thru2016,050,05000US26047,"Emmet County, Michigan",26,047,405,0,405,75,0,25,50,165,25,110,30,140,60,65,15,25,10,10,4,134,21,134,45,21,18,42,94,22,86,19,91,79,43,15,18,13,13,10
2012thru2016,050,05000US26049,"Genesee County, Michigan",26,049,3705,535,3170,375,130,140,105,2075,525,1145,405,620,155,375,90,95,40,25,30,418,162,367,134,78,89,73,330,178,255,134,179,99,151,66,102,62,41,53
2012thru2016,050,05000US26051,"Gladwin County, Michigan",26,051,45,0,45,35,0,15,15,15,15,0,0,0,0,0,0,0,0,0,0,33,18,33,26,18,19,18,20,20,18,18,18,18,18,18,18,18,18,18
2012thru2016,050,05000US26053,"Gogebic County, Michigan",26,053,150,0,150,95,0,95,0,40,4,20,20,4,4,0,0,4,0,4,0,81,16,81,65,16,65,16,35,4,27,24,10,10,16,16,10,16,10,16
2012thru2016,050,05000US26055,"Grand Traverse County, Michigan",26,055,630,0,630,20,0,0,20,340,55,65,215,75,25,4,45,195,140,55,0,222,23,222,37,23,23,37,164,57,53,148,66,37,9,57,131,118,56,23
2012thru2016,050,05000US26057,"Gratiot County, Michigan",26,057,90,0,90,4,0,4,0,45,0,25,15,40,0,40,0,0,0,0,0,88,21,88,12,21,12,21,53,21,42,20,58,21,58,21,21,21,21,21
2012thru2016,050,05000US26059,"Hillsdale County, Michigan",26,059,180,4,175,20,0,10,10,150,25,65,60,10,10,0,0,0,0,0,0,86,21,86,22,21,14,13,87,21,67,37,13,13,21,21,21,21,21,21
2012thru2016,050,05000US26061,"Houghton County, Michigan",26,061,365,10,355,70,30,10,30,150,40,80,25,100,40,30,35,35,35,0,0,115,13,114,44,31,13,31,77,24,58,41,70,41,47,42,34,34,21,21
2012thru2016,050,05000US26063,"Huron County, Michigan",26,063,295,15,280,20,15,4,0,205,105,50,45,30,25,0,4,30,30,0,4,86,18,85,19,22,10,21,82,64,45,23,23,23,21,10,23,23,21,2
2012thru2016,050,05000US26065,"Ingham County, Michigan",26,065,3095,415,2680,220,10,155,55,1475,555,585,335,925,290,380,255,60,15,20,30,412,175,379,139,14,124,63,303,181,193,139,243,124,170,147,60,22,33,46
2012thru2016,050,05000US26067,"Ionia County, Michigan",26,067,345,55,290,25,0,10,15,220,65,60,95,30,0,30,4,15,0,15,0,143,73,128,23,23,13,17,114,80,61,60,51,23,48,23,24,23,24,23
2012thru2016,050,05000US26069,"Iosco County, Michigan",26,069,155,55,100,10,0,0,10,90,10,30,50,0,0,0,0,0,0,0,0,98,60,78,13,18,18,13,76,14,37,53,18,18,18,18,18,18,18,18
2012thru2016,050,05000US26071,"Iron County, Michigan",26,071,45,0,45,30,10,10,10,4,0,4,0,10,10,0,0,4,4,0,0,32,16,32,27,14,15,13,16,16,16,16,16,16,16,16,16,16,16,16
2012thru2016,050,05000US26073,"Isabella County, Michigan",26,073,585,35,555,55,0,10,50,205,40,95,65,160,90,45,30,135,0,0,135,170,35,167,57,23,13,54,105,65,74,50,101,76,43,42,99,23,23,99
2012thru2016,050,05000US26075,"Jackson County, Michigan",26,075,1600,90,1505,170,30,55,85,905,320,390,200,355,70,215,75,75,60,15,0,300,61,296,104,34,71,70,257,148,172,117,149,76,126,64,78,77,21,23
2012thru2016,050,05000US26077,"Kalamazoo County, Michigan",26,077,1795,35,1760,70,50,0,20,1075,465,520,85,535,145,180,210,80,0,15,65,388,40,385,87,81,23,32,340,227,232,82,185,85,125,162,76,23,30,72
2012thru2016,050,05000US26079,"Kalkaska County, Michigan",26,079,135,15,125,15,0,0,15,85,0,25,60,25,15,10,0,0,0,0,0,82,23,81,24,16,16,24,71,16,33,64,28,24,14,16,16,16,16,16
2012thru2016,050,05000US26081,"Kent County, Michigan",26,081,3075,355,2720,295,0,125,175,1715,465,885,365,550,245,160,145,160,85,55,20,474,150,443,128,23,89,86,381,195,279,135,204,138,107,89,105,62,76,32
2012thru2016,050,05000US26083,"Keweenaw County, Michigan",26,083,4,4,4,4,4,0,0,0,0,0,0,0,0,0,0,0,0,0,0,11,10,10,10,10,10,10,10,10,10,10,10,10,10,10,10,10,10,10
2012thru2016,050,05000US26085,"Lake County, Michigan",26,085,45,4,40,20,4,10,4,20,4,15,4,0,0,0,0,0,0,0,0,24,16,25,20,10,15,5,18,3,17,16,16,16,16,16,16,16,16,16
2012thru2016,050,05000US26087,"Lapeer County, Michigan",26,087,380,20,360,85,4,35,45,215,100,50,65,60,25,20,15,0,0,0,0,152,32,149,60,2,40,43,128,79,60,72,51,40,25,27,23,23,23,23
2012thru2016,050,05000US26089,"Leelanau County, Michigan",26,089,305,4,305,75,10,4,60,80,30,20,25,70,4,4,60,85,20,20,40,91,3,92,38,17,5,36,37,23,20,23,59,10,4,59,43,23,20,27
2012thru2016,050,05000US26091,"Lenawee County, Michigan",26,091,365,30,335,45,0,0,45,205,125,70,10,90,55,35,0,0,0,0,0,158,40,156,67,23,23,67,122,112,44,14,77,56,55,23,23,23,23,23
2012thru2016,050,05000US26093,"Livingston County, Michigan",26,093,580,60,520,35,0,35,0,340,100,135,110,120,0,85,40,25,25,0,0,200,53,178,52,23,52,23,148,85,97,77,97,23,91,43,37,37,23,23
2012thru2016,050,05000US26095,"Luce County, Michigan",26,095,55,10,45,20,10,0,10,10,10,4,0,10,10,0,0,0,0,0,0,37,14,34,23,17,14,13,17,14,5,14,21,21,14,14,14,14,14,14
2012thru2016,050,05000US26097,"Mackinac County, Michigan",26,097,190,55,135,30,10,0,20,30,15,15,0,15,10,4,0,60,15,40,10,61,46,48,23,13,16,21,24,17,15,16,17,13,10,16,30,16,24,13
2012thru2016,050,05000US26099,"Macomb County, Michigan",26,099,4205,630,3575,250,120,70,60,1550,605,720,230,1565,315,865,385,215,25,80,110,597,201,530,117,81,72,48,363,192,284,98,366,145,272,163,124,40,70,88
2012thru2016,050,05000US26101,"Manistee County, Michigan",26,101,280,15,265,70,30,10,30,130,35,80,10,45,40,4,0,20,0,10,10,111,26,105,59,41,13,42,70,35,59,15,42,42,12,18,21,18,12,16
2012thru2016,050,05000US26103,"Marquette County, Michigan",26,103,560,40,520,140,50,50,40,230,90,70,70,65,40,10,15,85,70,10,4,168,36,160,72,55,41,33,110,66,62,59,47,35,18,25,66,59,13,21
2012thru2016,050,05000US26105,"Mason County, Michigan",26,105,45,0,45,20,0,10,10,0,0,0,0,20,4,15,0,0,0,0,0,30,18,30,25,18,14,19,18,18,18,18,18,10,17,18,18,18,18,18
2012thru2016,050,05000US26107,"Mecosta County, Michigan",26,107,275,15,260,20,0,20,0,140,0,80,55,80,4,25,55,20,0,20,0,130,17,128,33,21,33,21,87,21,74,42,87,3,30,82,33,21,33,21
2012thru2016,050,05000US26109,"Menominee County, Michigan",26,109,100,25,70,25,10,0,15,15,10,4,0,25,0,25,0,4,0,4,0,65,36,53,27,13,18,26,14,12,14,18,40,18,40,18,3,18,3,18
2012thru2016,050,05000US26111,"Midland County, Michigan",26,111,335,0,335,55,10,45,0,230,0,155,75,50,0,30,20,0,0,0,0,139,23,139,55,17,52,23,124,23,109,62,53,23,39,39,23,23,23,23
2012thru2016,050,05000US26113,"Missaukee County, Michigan",26,113,105,4,100,25,0,15,10,70,10,45,15,0,0,0,0,4,0,4,0,51,11,49,27,16,25,16,38,13,33,17,16,16,16,16,10,16,10,16
2012thru2016,050,05000US26115,"Monroe County, Michigan",26,115,1225,140,1085,170,35,75,60,635,215,280,145,245,125,100,20,40,15,0,30,239,71,229,85,59,61,58,178,91,145,95,110,81,82,25,46,23,23,42
2012thru2016,050,05000US26117,"Montcalm County, Michigan",26,117,285,10,275,30,10,10,10,100,65,30,4,135,40,95,0,15,0,0,15,132,14,131,26,14,13,15,77,74,25,11,94,56,93,23,21,23,23,21
2012thru2016,050,05000US26119,"Montmorency County, Michigan",26,119,60,0,60,4,0,0,4,40,0,40,0,0,0,0,0,15,0,0,15,46,14,46,10,14,14,10,35,14,35,14,14,14,14,14,26,14,14,26
2012thru2016,050,05000US26121,"Muskegon County, Michigan",26,121,900,40,860,100,50,10,40,515,195,220,100,240,100,105,35,10,0,0,10,222,44,219,63,48,18,36,174,112,112,60,118,77,79,54,16,23,23,16
2012thru2016,050,05000US26123,"Newaygo County, Michigan",26,123,145,4,140,4,0,4,0,95,25,70,0,4,0,4,0,35,0,10,25,70,10,70,10,21,10,21,47,23,37,21,10,21,10,21,42,21,13,40
2012thru2016,050,05000US26125,"Oakland County, Michigan",26,125,7965,750,7215,335,110,95,130,2415,930,980,500,3265,1310,1545,410,1205,445,460,300,824,214,790,150,91,76,84,357,227,250,185,573,347,338,143,294,156,179,135
2012thru2016,050,05000US26127,"Oceana County, Michigan",26,127,110,4,100,4,0,0,4,75,10,30,35,0,0,0,0,20,20,0,0,51,9,47,10,18,18,10,41,18,26,28,18,18,18,18,22,22,18,18
2012thru2016,050,05000US26129,"Ogemaw County, Michigan",26,129,65,0,65,4,0,0,4,20,15,4,0,40,25,15,0,4,0,0,4,49,18,49,1,18,18,1,20,17,10,18,48,40,23,18,18,18,18,18
2012thru2016,050,05000US26131,"Ontonagon County, Michigan",26,131,20,0,20,20,4,15,4,0,0,0,0,0,0,0,0,0,0,0,0,18,14,18,18,1,16,14,14,14,14,14,14,14,14,14,14,14,14,14
2012thru2016,050,05000US26133,"Osceola County, Michigan",26,133,60,0,60,20,0,4,15,30,0,30,0,10,0,0,10,0,0,0,0,36,18,36,21,18,10,19,26,18,26,18,13,18,18,13,18,18,18,18
2012thru2016,050,05000US26135,"Oscoda County, Michigan",26,135,40,0,40,0,0,0,0,0,0,0,0,0,0,0,0,40,10,15,20,30,14,30,14,14,14,14,14,14,14,14,14,14,14,14,30,15,17,21
2012thru2016,050,05000US26137,"Otsego County, Michigan",26,137,55,0,55,4,0,4,0,25,0,0,25,20,4,0,10,4,0,4,0,38,18,38,11,18,11,18,33,18,18,33,18,15,18,16,18,18,18,18
2012thru2016,050,05000US26139,"Ottawa County, Michigan",26,139,935,110,820,110,0,70,45,315,35,170,110,320,55,90,170,80,20,35,20,240,90,244,99,23,72,68,150,45,99,95,159,64,102,104,76,36,60,38
2012thru2016,050,05000US26141,"Presque Isle County, Michigan",26,141,90,4,85,4,0,0,4,40,4,20,15,35,4,25,0,10,0,10,0,56,16,56,10,16,16,10,25,16,20,16,45,10,43,16,14,16,14,16
2012thru2016,050,05000US26143,"Roscommon County, Michigan",26,143,350,10,340,60,0,55,10,140,50,75,10,55,25,30,0,85,30,50,4,123,13,122,50,18,50,13,73,41,54,13,57,32,47,18,51,36,37,3
2012thru2016,050,05000US26145,"Saginaw County, Michigan",26,145,1370,245,1125,175,45,80,50,640,150,310,180,290,70,160,60,20,0,0,20,268,114,229,91,45,65,44,189,95,127,118,131,49,98,61,27,23,23,27
2012thru2016,050,05000US26147,"St. Clair County, Michigan",26,147,735,165,570,140,15,40,85,305,165,95,45,110,35,50,25,15,15,0,0,172,81,151,61,25,48,56,137,103,65,53,66,42,52,40,25,25,23,23
2012thru2016,050,05000US26149,"St. Joseph County, Michigan",26,149,405,55,350,10,0,10,0,315,170,30,115,30,20,4,0,0,0,0,0,145,46,141,15,23,15,23,138,108,39,77,37,38,8,23,23,23,23,23
2012thru2016,050,05000US26151,"Sanilac County, Michigan",26,151,255,30,225,60,15,45,0,140,25,45,65,25,25,4,0,0,0,0,0,81,25,75,50,29,44,21,67,32,36,39,23,23,21,21,21,21,21,21
2012thru2016,050,05000US26153,"Schoolcraft County, Michigan",26,153,55,10,45,15,0,0,15,20,4,4,10,4,4,0,0,10,4,4,0,30,14,27,18,14,14,18,19,14,10,13,14,14,14,14,12,10,3,14
2012thru2016,050,05000US26155,"Shiawassee County, Michigan",26,155,470,30,445,185,70,60,55,215,55,115,45,30,4,30,0,15,0,15,0,170,46,163,111,68,68,62,110,42,80,45,31,23,30,23,22,23,22,23
2012thru2016,050,05000US26157,"Tuscola County, Michigan",26,157,230,4,225,40,15,10,15,115,10,60,45,70,70,4,0,0,0,0,0,95,7,94,32,22,19,18,59,16,38,40,67,67,23,23,23,23,23,23
2012thru2016,050,05000US26159,"Van Buren County, Michigan",26,159,560,55,510,155,0,90,65,245,150,35,60,75,25,40,15,35,30,4,0,180,54,175,96,23,63,59,117,110,33,60,53,28,45,25,48,45,11,23
2012thru2016,050,05000US26161,"Washtenaw County, Michigan",26,161,1725,130,1595,100,25,35,40,795,225,350,220,540,215,265,65,160,4,95,55,260,76,257,74,28,40,54,213,121,145,125,153,90,109,51,82,12,65,49
2012thru2016,050,05000US26163,"Wayne County, Michigan",26,163,19120,6665,12455,1980,835,575,570,7115,3415,2425,1275,2665,1345,910,405,695,355,280,60,1056,562,805,264,172,159,149,608,366,351,249,459,279,236,185,190,129,119,54
2012thru2016,050,05000US26165,"Wexford County, Michigan",26,165,80,10,70,10,0,4,10,60,0,45,15,0,0,0,0,0,0,0,0,50,16,49,15,21,21,14,47,21,40,23,21,21,21,21,21,21,21,21
2012thru2016,050,05000US27001,"Aitkin County, Minnesota",27,001,95,0,95,20,4,0,15,60,45,15,0,15,15,0,4,0,0,0,0,44,14,44,19,10,14,18,36,33,20,14,15,14,14,14,14,14,14,14
2012thru2016,050,05000US27003,"Anoka County, Minnesota",27,003,825,70,755,55,40,0,15,525,140,250,135,135,50,25,60,40,30,10,0,210,93,189,57,50,20,27,143,85,120,70,83,53,35,53,48,45,14,20
2012thru2016,050,05000US27005,"Becker County, Minnesota",27,005,140,0,140,70,10,30,30,40,4,20,20,20,20,0,0,4,4,0,0,67,18,67,51,13,39,29,32,18,19,30,33,33,18,18,10,10,18,18
2012thru2016,050,05000US27007,"Beltrami County, Minnesota",27,007,450,40,410,140,115,15,10,115,90,25,0,135,0,30,105,20,0,0,20,178,52,167,111,108,12,13,82,80,18,18,88,18,50,72,34,18,18,34
2012thru2016,050,05000US27009,"Benton County, Minnesota",27,009,195,0,195,80,40,40,4,110,45,65,0,4,0,4,0,0,0,0,0,126,18,126,87,62,44,18,95,68,69,18,10,18,10,18,18,18,18,18
2012thru2016,050,05000US27011,"Big Stone County, Minnesota",27,011,45,10,35,20,0,20,0,15,0,10,4,0,0,0,0,0,0,0,0,31,15,27,25,12,25,12,15,12,14,3,12,12,12,12,12,12,12,12
2012thru2016,050,05000US27013,"Blue Earth County, Minnesota",27,013,640,30,610,65,30,35,0,395,55,340,4,60,30,4,20,90,25,25,45,215,35,213,68,52,52,20,183,53,173,7,58,44,10,37,71,39,38,49
2012thru2016,050,05000US27015,"Brown County, Minnesota",27,015,185,15,170,30,0,30,0,40,15,25,0,70,70,0,0,25,0,25,0,105,26,101,44,16,44,16,30,24,20,16,76,76,16,16,40,16,40,16
2012thru2016,050,05000US27017,"Carlton County, Minnesota",27,017,125,10,115,45,40,0,4,60,10,45,4,10,0,10,0,0,0,0,0,59,14,58,41,40,18,13,48,14,45,18,15,18,15,18,18,18,18,18
2012thru2016,050,05000US27019,"Carver County, Minnesota",27,019,300,160,140,50,0,25,25,45,0,35,4,4,4,0,0,45,40,0,4,150,128,71,29,20,23,20,60,20,60,10,20,20,20,20,63,62,20,4
2012thru2016,050,05000US27021,"Cass County, Minnesota",27,021,40,4,40,25,0,20,10,4,4,4,4,0,0,0,0,4,0,4,4,25,16,20,20,16,17,11,15,2,5,4,16,16,16,16,9,16,16,16
2012thru2016,050,05000US27023,"Chippewa County, Minnesota",27,023,100,4,95,25,20,4,4,60,35,25,0,10,0,0,10,0,0,0,0,70,9,68,25,26,14,14,63,54,37,14,17,14,14,17,14,14,14,14
2012thru2016,050,05000US27025,"Chisago County, Minnesota",27,025,70,0,70,4,4,0,4,45,10,30,10,20,0,20,0,0,0,0,0,52,20,52,14,3,20,9,45,13,43,13,33,20,33,20,20,20,20,20
2012thru2016,050,05000US27027,"Clay County, Minnesota",27,027,540,45,495,195,75,95,25,275,80,195,0,25,25,0,0,0,0,0,0,155,68,156,89,57,66,32,125,69,116,20,40,40,20,20,20,20,20,20
2012thru2016,050,05000US27029,"Clearwater County, Minnesota",27,029,35,0,35,10,0,10,0,15,4,10,0,0,0,0,0,4,4,0,0,22,12,22,15,12,15,12,18,9,19,12,12,12,12,12,8,8,12,12
2012thru2016,050,05000US27031,"Cook County, Minnesota",27,031,35,0,35,0,0,0,0,20,10,4,4,15,10,4,0,0,0,0,0,20,12,20,12,12,12,12,18,20,3,11,16,13,8,12,12,12,12,12
2012thru2016,050,05000US27033,"Cottonwood County, Minnesota",27,033,50,0,50,10,4,4,4,40,4,30,0,0,0,0,0,0,0,0,0,48,14,48,12,8,2,14,48,10,44,14,14,14,14,14,14,14,14,14
2012thru2016,050,05000US27035,"Crow Wing County, Minnesota",27,035,300,0,300,45,4,15,30,210,45,120,50,30,0,20,10,15,15,0,0,141,20,141,47,5,21,41,124,33,100,63,31,20,29,13,24,24,20,20
2012thru2016,050,05000US27037,"Dakota County, Minnesota",27,037,1425,30,1395,50,35,10,4,700,175,455,70,495,210,165,120,145,115,25,4,353,42,358,65,62,20,10,258,123,195,56,208,150,112,86,105,102,31,8
2012thru2016,050,05000US27039,"Dodge County, Minnesota",27,039,40,10,35,15,4,4,0,20,20,0,0,0,0,0,0,0,0,0,0,30,13,27,15,10,11,16,23,23,16,16,16,16,16,16,16,16,16,16
2012thru2016,050,05000US27041,"Douglas County, Minnesota",27,041,395,35,360,45,45,4,0,245,55,180,10,50,50,0,0,20,10,4,0,198,59,184,75,73,3,18,148,48,140,12,70,70,18,18,23,19,11,18
2012thru2016,050,05000US27043,"Faribault County, Minnesota",27,043,70,25,45,40,20,15,4,4,0,4,0,0,0,0,0,0,0,0,0,31,22,17,19,15,15,4,9,14,9,14,14,14,14,14,14,14,14,14
2012thru2016,050,05000US27045,"Fillmore County, Minnesota",27,045,70,4,65,35,30,4,0,30,20,4,4,4,4,0,0,0,0,0,0,37,10,35,32,32,16,16,28,25,10,8,5,5,16,16,16,16,16,16
2012thru2016,050,05000US27047,"Freeborn County, Minnesota",27,047,290,75,215,30,15,4,10,140,60,75,4,25,25,0,0,20,20,0,0,104,68,85,18,14,4,12,70,57,55,12,38,38,18,18,37,37,18,18
2012thru2016,050,05000US27049,"Goodhue County, Minnesota",27,049,230,4,225,120,10,75,35,40,20,10,4,40,0,40,0,30,0,30,0,121,10,120,100,13,87,54,31,26,17,16,63,18,63,18,46,18,46,18
2012thru2016,050,05000US27051,"Grant County, Minnesota",27,051,30,0,30,4,4,0,0,20,0,20,0,0,0,0,0,4,4,0,0,23,12,23,10,10,12,12,23,12,23,12,12,12,12,12,7,7,12,12
2012thru2016,050,05000US27053,"Hennepin County, Minnesota",27,053,6250,290,5960,170,90,25,55,2535,1255,955,325,2560,1310,765,480,690,420,180,90,580,169,537,93,72,24,61,373,250,289,145,453,305,234,202,240,187,109,76
2012thru2016,050,05000US27055,"Houston County, Minnesota",27,055,80,0,80,25,25,4,0,50,4,15,30,0,0,0,0,0,0,0,0,43,14,43,27,22,14,14,41,10,23,33,14,14,14,14,14,14,14,14
2012thru2016,050,05000US27057,"Hubbard County, Minnesota",27,057,40,10,30,20,0,4,10,10,4,4,0,0,0,0,0,0,0,0,0,26,13,21,18,16,13,13,14,5,10,16,16,16,16,16,16,16,16,16
2012thru2016,050,05000US27059,"Isanti County, Minnesota",27,059,0,0,0,0,0,0,0,0,0,0,0,0,0,0,0,0,0,0,0,0,18,0,18,18,18,18,0,18,0,0,18,18,18,18,18,18,18,18
2012thru2016,050,05000US27061,"Itasca County, Minnesota",27,061,220,25,195,85,25,60,0,45,10,30,10,65,20,45,4,0,0,0,0,92,40,83,81,26,72,18,30,12,25,13,69,22,65,3,18,18,18,18
2012thru2016,050,05000US27063,"Jackson County, Minnesota",27,063,100,35,65,45,20,25,0,10,10,0,0,4,4,0,0,0,0,0,0,65,37,54,54,35,41,14,14,14,14,14,10,10,14,14,14,14,14,14
2012thru2016,050,05000US27065,"Kanabec County, Minnesota",27,065,25,0,25,10,0,0,10,15,4,10,0,4,0,4,0,0,0,0,0,18,14,18,15,14,14,15,15,3,12,14,2,14,2,14,14,14,14,14
2012thru2016,050,05000US27067,"Kandiyohi County, Minnesota",27,067,145,4,140,30,10,20,0,95,50,30,15,15,4,0,10,0,0,0,0,72,10,73,29,19,25,18,64,41,43,27,17,10,18,13,18,18,18,18
2012thru2016,050,05000US27069,"Kittson County, Minnesota",27,069,25,0,25,15,10,4,0,10,10,0,0,0,0,0,0,0,0,0,0,18,9,18,16,13,11,9,14,14,9,9,9,9,9,9,9,9,9,9
2012thru2016,050,05000US27071,"Koochiching County, Minnesota",27,071,15,4,10,4,0,4,0,4,4,0,0,0,0,0,0,0,0,0,0,17,9,16,15,14,15,14,6,6,14,14,14,14,14,14,14,14,14,14
2012thru2016,050,05000US27073,"Lac qui Parle County, Minnesota",27,073,40,15,25,25,4,15,0,4,4,0,0,0,0,0,0,0,0,0,0,25,17,19,22,13,18,12,3,3,12,12,12,12,12,12,12,12,12,12
2012thru2016,050,05000US27075,"Lake County, Minnesota",27,075,85,0,85,0,0,0,0,60,40,15,4,25,10,15,0,0,0,0,0,59,14,59,14,14,14,14,53,50,27,1,29,13,25,14,14,14,14,14
2012thru2016,050,05000US27077,"Lake of the Woods County, Minnesota",27,077,35,0,35,25,25,0,0,0,0,0,0,10,10,0,0,0,0,0,0,31,9,31,27,27,9,9,9,9,9,9,15,15,9,9,9,9,9,9
2012thru2016,050,05000US27079,"Le Sueur County, Minnesota",27,079,155,15,140,30,15,15,0,100,25,35,40,0,0,0,0,10,10,0,0,61,25,55,24,26,22,16,52,38,35,35,16,16,16,16,14,14,16,16
2012thru2016,050,05000US27081,"Lincoln County, Minnesota",27,081,65,4,60,30,10,4,15,20,15,4,0,10,10,0,0,0,0,0,0,29,10,27,20,13,11,14,19,16,12,12,13,13,12,12,12,12,12,12
2012thru2016,050,05000US27083,"Lyon County, Minnesota",27,083,370,25,345,185,40,10,135,85,50,35,0,70,35,4,35,0,0,0,0,118,20,119,97,45,17,86,62,53,33,16,67,44,16,45,16,16,16,16
2012thru2016,050,05000US27085,"McLeod County, Minnesota",27,085,150,4,145,20,0,20,0,125,45,75,4,0,0,0,0,0,0,0,0,85,9,86,24,18,24,18,81,45,70,10,18,18,18,18,18,18,18,18
2012thru2016,050,05000US27087,"Mahnomen County, Minnesota",27,087,40,0,40,30,4,10,20,10,4,4,4,0,0,0,0,0,0,0,0,15,12,15,13,4,9,9,8,12,12,12,12,12,12,12,12,12,12,12
2012thru2016,050,05000US27089,"Marshall County, Minnesota",27,089,50,4,50,25,15,10,0,30,15,15,0,0,0,0,0,0,0,0,0,29,12,29,20,13,13,12,23,17,17,12,12,12,12,12,12,12,12,12
2012thru2016,050,05000US27091,"Martin County, Minnesota",27,091,195,4,195,80,45,30,4,115,40,75,0,0,0,0,0,0,0,0,0,99,4,100,74,67,28,16,69,30,60,16,16,16,16,16,16,16,16,16
2012thru2016,050,05000US27093,"Meeker County, Minnesota",27,093,70,0,70,25,0,4,15,50,25,20,0,0,0,0,0,0,0,0,0,58,16,58,27,16,10,22,54,41,38,16,16,16,16,16,16,16,16,16
2012thru2016,050,05000US27095,"Mille Lacs County, Minnesota",27,095,145,4,145,55,15,35,4,75,25,45,4,4,4,4,0,4,4,4,4,60,16,60,35,15,34,16,46,13,42,10,14,16,16,16,9,4,3,2
2012thru2016,050,05000US27097,"Morrison County, Minnesota",27,097,105,45,60,20,4,10,4,35,15,10,10,4,0,0,4,0,0,0,0,73,60,36,19,18,13,16,25,18,14,15,14,18,18,14,18,18,18,18
2012thru2016,050,05000US27099,"Mower County, Minnesota",27,099,305,70,235,30,0,10,20,120,40,85,0,0,0,0,0,85,85,0,0,199,79,158,28,18,13,24,122,60,91,18,18,18,18,18,84,84,18,18
2012thru2016,050,05000US27101,"Murray County, Minnesota",27,101,30,0,30,15,0,4,15,0,0,0,0,0,0,0,0,15,15,0,0,23,12,23,15,12,12,13,12,12,12,12,12,12,12,12,22,22,12,12
2012thru2016,050,05000US27103,"Nicollet County, Minnesota",27,103,105,0,105,4,0,4,4,55,25,35,0,40,4,35,0,0,0,0,0,79,18,79,10,18,5,1,58,40,43,18,53,11,53,18,18,18,18,18
2012thru2016,050,05000US27105,"Nobles County, Minnesota",27,105,100,30,75,25,4,4,15,20,15,0,4,0,0,0,0,25,0,0,25,62,39,49,20,16,10,14,24,23,16,7,16,16,16,16,41,16,16,41
2012thru2016,050,05000US27107,"Norman County, Minnesota",27,107,85,4,80,25,4,20,0,40,40,0,0,10,10,0,0,4,4,0,0,30,10,27,23,2,20,12,24,24,12,12,14,14,12,12,10,10,12,12
2012thru2016,050,05000US27109,"Olmsted County, Minnesota",27,109,730,85,645,85,40,30,20,310,110,75,125,200,40,110,55,45,45,0,0,233,79,217,62,49,29,23,136,83,63,102,137,49,77,68,56,56,20,20
2012thru2016,050,05000US27111,"Otter Tail County, Minnesota",27,111,140,20,120,55,4,35,15,65,25,4,40,0,0,0,0,0,0,0,0,56,19,56,32,10,27,15,51,24,3,44,20,20,20,20,20,20,20,20
2012thru2016,050,05000US27113,"Pennington County, Minnesota",27,113,110,20,90,0,0,0,0,90,15,20,60,0,0,0,0,0,0,0,0,67,35,68,14,14,14,14,68,26,32,61,14,14,14,14,14,14,14,14
2012thru2016,050,05000US27115,"Pine County, Minnesota",27,115,145,4,145,45,10,25,4,60,0,20,35,40,4,10,25,0,0,0,0,72,16,70,24,15,19,14,51,16,24,46,32,9,13,30,16,16,16,16
2012thru2016,050,05000US27117,"Pipestone County, Minnesota",27,117,85,30,55,45,20,20,4,4,0,0,4,0,0,0,0,4,4,0,0,53,38,42,40,24,34,8,3,12,12,3,12,12,12,12,10,10,12,12
2012thru2016,050,05000US27119,"Polk County, Minnesota",27,119,275,4,270,55,4,40,4,180,70,110,0,35,30,0,4,4,4,0,0,104,10,104,38,10,34,8,101,68,83,18,21,21,18,10,10,10,18,18
2012thru2016,050,05000US27121,"Pope County, Minnesota",27,121,35,0,35,4,0,0,4,30,30,0,0,4,0,0,4,0,0,0,0,43,14,43,3,14,14,3,43,43,14,14,3,14,14,3,14,14,14,14
2012thru2016,050,05000US27123,"Ramsey County, Minnesota",27,123,3180,75,3100,270,190,25,60,1895,900,760,235,745,370,220,160,190,110,80,0,452,69,446,124,115,30,49,317,192,214,148,272,151,139,121,118,81,79,20
2012thru2016,050,05000US27125,"Red Lake County, Minnesota",27,125,40,0,40,30,0,10,20,4,4,0,0,0,0,0,0,0,0,0,0,33,9,33,29,9,19,21,13,13,9,9,9,9,9,9,9,9,9,9
2012thru2016,050,05000US27127,"Redwood County, Minnesota",27,127,325,4,325,185,40,95,50,130,110,15,4,4,0,0,4,4,4,0,0,84,3,86,64,21,46,30,61,58,23,9,14,14,14,14,11,11,14,14
2012thru2016,050,05000US27129,"Renville County, Minnesota",27,129,180,10,170,75,20,35,25,90,50,15,25,0,0,0,0,10,0,10,0,58,14,59,36,23,28,20,44,29,21,22,14,14,14,14,13,14,13,14
2012thru2016,050,05000US27131,"Rice County, Minnesota",27,131,255,0,255,4,0,0,4,130,25,95,10,55,0,35,25,65,40,25,0,147,20,147,20,20,20,20,99,41,92,14,54,20,35,38,71,58,41,20
2012thru2016,050,05000US27133,"Rock County, Minnesota",27,133,60,0,60,15,15,0,0,45,0,45,4,0,0,0,0,0,0,0,0,50,12,50,15,15,12,12,48,12,47,6,12,12,12,12,12,12,12,12
2012thru2016,050,05000US27135,"Roseau County, Minnesota",27,135,115,15,100,30,25,0,4,35,20,20,0,35,35,0,0,0,0,0,0,55,21,53,28,25,14,10,29,24,22,14,37,37,14,14,14,14,14,14
2012thru2016,050,05000US27137,"St. Louis County, Minnesota",27,137,1345,105,1240,205,100,70,40,620,395,195,25,345,165,120,65,70,40,0,30,277,70,275,80,66,38,37,175,145,102,26,144,96,98,56,62,45,20,45
2012thru2016,050,05000US27139,"Scott County, Minnesota",27,139,405,15,390,85,85,0,0,215,145,45,30,85,0,45,40,4,4,4,0,184,26,184,86,86,20,20,124,103,68,33,90,20,71,59,7,20,3,20
2012thru2016,050,05000US27141,"Sherburne County, Minnesota",27,141,245,0,245,0,0,0,0,190,4,135,50,55,0,0,55,0,0,0,0,146,20,146,20,20,20,20,131,10,116,63,64,20,20,64,20,20,20,20
2012thru2016,050,05000US27143,"Sibley County, Minnesota",27,143,50,0,50,25,4,10,10,20,10,0,10,4,0,0,4,0,0,0,0,30,14,30,18,5,13,15,25,20,14,13,14,14,14,14,14,14,14,14
2012thru2016,050,05000US27145,"Stearns County, Minnesota",27,145,685,10,675,85,4,20,55,380,120,155,110,185,10,115,60,25,15,0,10,229,13,228,69,10,29,62,158,73,96,95,122,15,93,78,28,24,20,15
2012thru2016,050,05000US27147,"Steele County, Minnesota",27,147,160,25,130,50,25,0,25,50,4,35,10,30,30,0,0,0,0,0,0,105,42,96,55,37,18,40,47,10,45,13,52,52,18,18,18,18,18,18
2012thru2016,050,05000US27149,"Stevens County, Minnesota",27,149,210,50,160,45,20,4,25,115,75,15,30,0,0,0,0,0,0,0,0,75,47,70,34,32,4,34,62,56,18,30,12,12,12,12,12,12,12,12
2012thru2016,050,05000US27151,"Swift County, Minnesota",27,151,75,0,75,30,0,4,20,50,20,25,4,0,0,0,0,0,0,0,0,46,12,46,27,12,10,23,41,19,35,9,12,12,12,12,12,12,12,12
2012thru2016,050,05000US27153,"Todd County, Minnesota",27,153,40,0,40,20,4,4,4,20,10,10,0,0,0,0,0,4,4,0,0,24,16,24,17,10,10,16,16,14,13,16,16,16,16,16,16,16,16,16
2012thru2016,050,05000US27155,"Traverse County, Minnesota",27,155,45,0,45,15,4,4,10,20,0,20,0,10,10,0,0,0,0,0,0,26,9,26,17,9,10,14,18,9,18,9,13,13,9,9,9,9,9,9
2012thru2016,050,05000US27157,"Wabasha County, Minnesota",27,157,145,0,145,25,15,10,0,20,4,4,15,65,4,65,0,35,0,30,4,93,16,93,20,20,14,16,19,7,16,15,69,3,69,16,45,16,42,11
2012thru2016,050,05000US27159,"Wadena County, Minnesota",27,159,150,0,150,80,0,65,20,55,55,0,0,15,15,0,0,0,0,0,0,107,14,107,84,14,80,33,60,60,14,14,25,25,14,14,14,14,14,14
2012thru2016,050,05000US27161,"Waseca County, Minnesota",27,161,45,0,45,45,20,20,4,0,0,0,0,0,0,0,0,0,0,0,0,41,14,41,41,20,39,6,14,14,14,14,14,14,14,14,14,14,14,14
2012thru2016,050,05000US27163,"Washington County, Minnesota",27,163,320,15,300,0,0,0,0,160,40,110,10,120,30,45,40,20,0,0,20,174,26,164,20,20,20,20,122,63,114,13,92,39,75,42,37,20,20,37
2012thru2016,050,05000US27165,"Watonwan County, Minnesota",27,165,0,0,0,0,0,0,0,0,0,0,0,0,0,0,0,0,0,0,0,0,14,0,14,14,14,14,0,14,0,14,0,0,14,14,14,14,14,14
2012thru2016,050,05000US27167,"Wilkin County, Minnesota",27,167,0,0,0,0,0,0,0,0,0,0,0,0,0,0,0,0,0,0,0,0,12,0,12,12,12,12,12,12,12,12,0,0,12,12,12,12,12,12
2012thru2016,050,05000US27169,"Winona County, Minnesota",27,169,540,15,525,50,0,4,50,430,130,260,40,25,0,0,25,20,20,0,0,177,17,176,60,20,20,63,172,97,138,36,39,20,20,39,36,36,20,20
2012thru2016,050,05000US27171,"Wright County, Minnesota",27,171,115,10,110,15,0,15,0,95,60,25,10,0,0,0,0,0,0,0,0,102,13,100,23,20,23,20,98,93,26,16,20,20,20,20,20,20,20,20
2012thru2016,050,05000US27173,"Yellow Medicine County, Minnesota",27,173,25,0,25,25,4,20,0,4,0,4,0,0,0,0,0,0,0,0,0,23,14,23,23,3,22,14,4,14,4,14,14,14,14,14,14,14,14,14
2012thru2016,050,05000US28001,"Adams County, Mississippi",28,001,135,0,135,60,20,0,35,45,25,0,20,35,4,0,30,0,0,0,0,89,26,89,55,40,26,40,52,41,26,33,51,7,26,51,26,26,26,26
2012thru2016,050,05000US28003,"Alcorn County, Mississippi",28,003,385,30,355,125,0,50,75,235,30,125,80,0,0,0,0,0,0,0,0,208,47,191,102,26,61,80,142,43,106,86,26,26,26,26,26,26,26,26
2012thru2016,050,05000US28005,"Amite County, Mississippi",28,005,0,0,0,0,0,0,0,0,0,0,0,0,0,0,0,0,0,0,0,0,0,0,0,19,19,0,19,19,19,19,19,19,19,19,19,19,19,19
2012thru2016,050,05000US28007,"Attala County, Mississippi",28,007,175,55,120,4,0,0,4,85,0,65,20,30,30,0,0,0,0,0,0,92,51,76,5,19,19,5,61,19,57,38,48,48,19,19,19,19,19,19
2012thru2016,050,05000US28009,"Benton County, Mississippi",28,009,240,90,155,45,0,0,45,65,0,60,4,45,0,0,45,0,0,0,0,104,97,95,49,17,17,49,68,17,69,10,66,17,17,66,17,17,17,17
2012thru2016,050,05000US28011,"Bolivar County, Mississippi",28,011,220,15,205,35,0,35,4,130,4,4,120,0,0,0,0,35,0,0,35,109,15,107,33,26,34,26,78,10,26,79,26,26,26,26,56,26,26,56
2012thru2016,050,05000US28013,"Calhoun County, Mississippi",28,013,130,55,75,70,20,20,30,4,0,4,0,0,0,0,0,0,0,0,0,40,33,34,33,15,22,26,2,19,2,19,19,19,19,19,19,19,19,19
2012thru2016,050,05000US28015,"Carroll County, Mississippi",28,015,90,10,80,65,20,15,30,15,10,10,0,0,0,0,0,0,0,0,0,51,15,49,39,29,18,28,26,14,17,19,19,19,19,19,19,19,19,19
2012thru2016,050,05000US28017,"Chickasaw County, Mississippi",28,017,295,105,190,85,25,20,40,100,60,25,20,4,0,4,0,0,0,0,0,123,60,105,60,34,24,42,84,70,37,33,19,19,19,19,19,19,19,19
2012thru2016,050,05000US28019,"Choctaw County, Mississippi",28,019,35,0,35,4,0,0,4,30,0,4,25,0,0,0,0,0,0,0,0,43,17,43,1,17,17,1,42,17,5,41,17,17,17,17,17,17,17,17
2012thru2016,050,05000US28021,"Claiborne County, Mississippi",28,021,0,0,0,0,0,0,0,0,0,0,0,0,0,0,0,0,0,0,0,0,17,0,0,17,17,0,17,17,17,17,17,17,17,17,17,17,17,17
2012thru2016,050,05000US28023,"Clarke County, Mississippi",28,023,50,35,15,4,0,0,4,10,0,4,4,0,0,0,0,0,0,0,0,42,40,16,19,19,19,19,16,19,14,7,19,19,19,19,19,19,19,19
2012thru2016,050,05000US28025,"Clay County, Mississippi",28,025,350,100,250,70,0,0,70,165,30,115,20,15,15,0,0,0,0,0,0,157,81,130,62,23,23,62,121,49,96,33,25,25,23,23,23,23,23,23
2012thru2016,050,05000US28027,"Coahoma County, Mississippi",28,027,425,10,410,80,10,70,0,220,55,130,40,95,50,35,10,20,20,0,0,147,20,147,47,13,46,23,107,60,88,53,60,54,38,14,34,34,23,23
2012thru2016,050,05000US28029,"Copiah County, Mississippi",28,029,155,25,130,55,0,20,35,75,20,35,20,0,0,0,0,0,0,0,0,85,40,76,49,23,28,45,64,34,41,31,23,23,23,23,23,23,23,23
2012thru2016,050,05000US28031,"Covington County, Mississippi",28,031,80,0,80,20,20,0,0,35,0,25,15,10,10,0,0,20,0,20,0,68,19,68,23,23,19,19,52,19,40,22,14,14,19,19,32,19,32,19
2012thru2016,050,05000US28033,"DeSoto County, Mississippi",28,033,790,65,725,20,0,0,20,225,0,135,90,480,105,185,190,0,0,0,0,198,62,191,34,29,29,34,115,29,96,50,168,79,115,131,29,29,29,29
2012thru2016,050,05000US28035,"Forrest County, Mississippi",28,035,1195,70,1125,75,0,45,30,645,375,225,45,405,200,85,120,0,0,0,0,231,66,229,82,29,66,50,202,152,119,52,141,100,71,75,29,29,29,29
2012thru2016,050,05000US28037,"Franklin County, Mississippi",28,037,35,4,25,20,0,0,20,10,10,0,0,0,0,0,0,0,0,0,0,35,13,36,31,17,17,31,14,14,17,17,17,17,17,17,17,17,17,17
2012thru2016,050,05000US28039,"George County, Mississippi",28,039,130,0,130,20,0,20,0,110,70,10,30,0,0,0,0,0,0,0,0,103,23,103,33,23,33,23,100,91,19,34,23,23,23,23,23,23,23,23
2012thru2016,050,05000US28041,"Greene County, Mississippi",28,041,50,4,45,4,0,0,4,4,0,4,0,0,0,0,0,35,0,35,0,57,9,54,4,19,19,4,5,19,5,19,19,19,19,19,55,19,55,19
2012thru2016,050,05000US28043,"Grenada County, Mississippi",28,043,1540,340,1200,380,45,155,175,525,15,120,390,295,85,85,125,0,0,0,0,326,167,317,140,67,87,103,244,24,111,186,153,83,95,109,23,23,23,23
2012thru2016,050,05000US28045,"Hancock County, Mississippi",28,045,890,0,890,100,0,100,0,280,40,0,240,435,85,185,160,80,0,80,0,303,26,303,108,26,108,26,167,68,26,172,218,101,160,142,88,26,88,26
2012thru2016,050,05000US28047,"Harrison County, Mississippi",28,047,4730,455,4270,125,35,60,30,1330,305,550,475,1945,245,1135,560,870,95,445,330,567,195,545,102,58,73,41,323,146,226,192,324,139,276,193,257,75,193,149
2012thru2016,050,05000US28049,"Hinds County, Mississippi",28,049,3355,480,2875,350,110,185,55,1560,680,525,350,835,455,270,110,125,60,65,0,447,153,416,145,97,103,46,283,225,162,146,252,210,160,100,90,59,61,29
2012thru2016,050,05000US28051,"Holmes County, Mississippi",28,051,265,150,115,50,15,40,0,60,0,15,45,0,0,0,0,0,0,0,0,104,78,61,34,15,33,19,49,19,24,44,19,19,19,19,19,19,19,19
2012thru2016,050,05000US28053,"Humphreys County, Mississippi",28,053,85,35,50,35,0,30,4,15,0,15,0,0,0,0,0,0,0,0,0,53,32,41,35,17,31,17,25,17,25,17,17,17,17,17,17,17,17,17
2012thru2016,050,05000US28055,"Issaquena County, Mississippi",28,055,0,0,0,0,0,0,0,0,0,0,0,0,0,0,0,0,0,0,0,12,12,12,12,12,12,12,12,12,12,12,12,12,12,12,12,12,12,12
2012thru2016,050,05000US28057,"Itawamba County, Mississippi",28,057,150,4,145,50,0,35,15,15,0,10,4,80,10,45,25,0,0,0,0,96,23,94,58,23,56,23,20,23,16,2,70,20,55,38,23,23,23,23
2012thru2016,050,05000US28059,"Jackson County, Mississippi",28,059,2200,125,2080,215,60,100,55,1145,215,600,325,700,215,185,300,20,10,10,0,445,109,439,147,78,100,69,281,130,170,133,260,142,117,178,25,13,23,29
2012thru2016,050,05000US28061,"Jasper County, Mississippi",28,061,80,15,70,35,4,25,0,15,0,4,4,25,10,15,0,0,0,0,0,48,17,47,38,13,35,19,17,19,13,11,30,14,24,19,19,19,19,19
2012thru2016,050,05000US28063,"Jefferson County, Mississippi",28,063,110,45,65,15,0,4,4,50,0,30,20,0,0,0,0,0,0,0,0,76,62,68,24,17,16,25,61,17,50,34,17,17,17,17,17,17,17,17
2012thru2016,050,05000US28065,"Jefferson Davis County, Mississippi",28,065,100,4,95,55,0,20,35,40,25,10,0,0,0,0,0,0,0,0,0,75,10,73,61,19,35,50,47,42,19,19,19,19,19,19,19,19,19,19
2012thru2016,050,05000US28067,"Jones County, Mississippi",28,067,555,120,435,105,0,45,60,245,0,85,160,85,30,55,0,0,0,0,0,228,87,209,78,29,47,62,165,29,117,123,71,46,54,29,29,29,29,29
2012thru2016,050,05000US28069,"Kemper County, Mississippi",28,069,105,50,55,45,0,0,45,0,0,0,0,4,0,0,4,4,4,0,0,100,73,68,67,19,19,67,19,19,19,19,9,19,19,9,5,5,19,19
2012thru2016,050,05000US28071,"Lafayette County, Mississippi",28,071,1285,130,1155,295,0,150,145,615,220,290,100,120,80,40,0,125,80,0,40,381,106,365,153,29,113,93,276,177,174,130,106,92,46,29,110,91,29,67
2012thru2016,050,05000US28073,"Lamar County, Mississippi",28,073,915,85,830,0,0,0,0,100,0,70,30,605,180,315,105,130,130,0,0,304,75,302,29,29,29,29,114,29,111,31,221,153,174,105,135,135,29,29
2012thru2016,050,05000US28075,"Lauderdale County, Mississippi",28,075,1160,255,905,55,15,0,40,305,135,100,65,445,135,225,85,100,40,0,60,287,125,255,56,27,29,62,166,102,74,94,171,102,110,90,86,45,29,72
2012thru2016,050,05000US28077,"Lawrence County, Mississippi",28,077,85,4,80,0,0,0,0,45,4,40,0,35,0,35,0,0,0,0,0,61,17,61,19,19,19,19,45,13,45,19,39,19,39,19,19,19,19,19
2012thru2016,050,05000US28079,"Leake County, Mississippi",28,079,165,45,115,20,0,20,0,95,0,20,75,0,0,0,0,0,0,0,0,113,51,97,37,23,37,23,88,23,32,80,23,23,23,23,23,23,23,23
2012thru2016,050,05000US28081,"Lee County, Mississippi",28,081,1055,205,850,150,10,55,80,290,155,90,45,370,195,80,95,45,45,0,0,247,89,216,86,19,56,71,126,102,65,41,165,112,76,106,72,72,29,29
2012thru2016,050,05000US28083,"Leflore County, Mississippi",28,083,715,585,130,20,0,20,0,0,0,0,0,110,15,55,35,0,0,0,0,155,128,86,34,26,34,26,26,26,26,26,79,26,50,57,26,26,26,26
2012thru2016,050,05000US28085,"Lincoln County, Mississippi",28,085,455,120,335,15,15,0,0,215,0,195,25,60,0,0,60,40,40,0,0,169,66,153,28,28,26,26,118,26,109,40,74,26,26,74,64,64,26,26
2012thru2016,050,05000US28087,"Lowndes County, Mississippi",28,087,1075,260,815,170,0,130,40,365,90,225,50,200,55,85,65,80,60,0,20,304,127,279,112,29,95,45,175,71,149,60,127,62,82,70,80,73,29,32
2012thru2016,050,05000US28089,"Madison County, Mississippi",28,089,805,175,630,150,0,125,20,115,45,40,30,335,240,70,25,35,0,15,15,261,149,189,74,29,69,27,86,73,36,40,158,142,81,46,37,29,27,30
2012thru2016,050,05000US28091,"Marion County, Mississippi",28,091,180,0,180,55,55,0,0,95,20,20,55,30,25,0,10,0,0,0,0,104,23,104,51,51,23,23,80,33,32,66,43,37,23,14,23,23,23,23
2012thru2016,050,05000US28093,"Marshall County, Mississippi",28,093,365,110,255,100,0,15,80,25,25,0,0,110,15,10,85,20,0,0,20,170,73,157,99,26,29,98,39,39,26,26,113,25,16,109,37,26,26,37
2012thru2016,050,05000US28095,"Monroe County, Mississippi",28,095,345,160,185,90,25,65,0,60,4,50,4,35,0,0,35,0,0,0,0,126,99,93,52,32,43,26,59,11,57,10,56,26,26,56,26,26,26,26
2012thru2016,050,05000US28097,"Montgomery County, Mississippi",28,097,95,4,90,80,0,40,40,4,0,4,0,0,0,0,0,0,0,0,0,69,7,69,67,19,55,48,17,19,17,19,19,19,19,19,19,19,19,19
2012thru2016,050,05000US28099,"Neshoba County, Mississippi",28,099,130,80,50,25,0,0,25,0,0,0,0,25,25,0,0,0,0,0,0,77,60,54,42,23,23,42,23,23,23,23,39,39,23,23,23,23,23,23
2012thru2016,050,05000US28101,"Newton County, Mississippi",28,101,180,90,90,20,0,10,10,25,0,25,0,45,0,35,10,0,0,0,0,86,64,58,25,23,15,21,32,23,32,23,48,23,44,13,23,23,23,23
2012thru2016,050,05000US28103,"Noxubee County, Mississippi",28,103,50,4,50,0,0,0,0,45,0,25,20,4,0,4,0,0,0,0,0,33,4,32,19,19,19,19,33,19,24,23,5,19,5,19,19,19,19,19
2012thru2016,050,05000US28105,"Oktibbeha County, Mississippi",28,105,1195,50,1145,0,0,0,0,375,145,205,30,635,25,500,110,130,25,35,75,274,81,258,26,26,26,26,174,123,125,44,236,39,195,127,102,39,55,78
2012thru2016,050,05000US28107,"Panola County, Mississippi",28,107,655,140,515,20,15,4,0,250,10,95,145,190,0,120,70,55,55,0,0,235,86,205,20,17,10,26,149,18,91,116,117,26,93,68,89,89,26,26
2012thru2016,050,05000US28109,"Pearl River County, Mississippi",28,109,450,15,440,30,30,0,0,215,60,120,35,190,0,120,75,0,0,0,0,172,23,180,37,37,29,29,128,70,102,42,122,29,99,83,29,29,29,29
2012thru2016,050,05000US28111,"Perry County, Mississippi",28,111,40,0,40,15,15,0,0,15,10,0,10,4,4,0,0,0,0,0,0,28,19,28,17,17,19,19,21,14,19,14,13,13,19,19,19,19,19,19
2012thru2016,050,05000US28113,"Pike County, Mississippi",28,113,295,105,195,25,0,0,25,140,10,65,70,25,15,0,10,0,0,0,0,122,85,100,38,26,26,38,85,13,58,69,30,28,26,14,26,26,26,26
2012thru2016,050,05000US28115,"Pontotoc County, Mississippi",28,115,225,125,100,20,4,0,10,80,0,45,40,0,0,0,0,0,0,0,0,127,101,58,20,17,26,16,57,26,45,37,26,26,26,26,26,26,26,26
2012thru2016,050,05000US28117,"Prentiss County, Mississippi",28,117,195,55,140,25,0,25,0,65,20,40,4,50,15,15,25,0,0,0,0,112,72,89,41,23,41,23,65,26,61,9,52,22,28,38,23,23,23,23
2012thru2016,050,05000US28119,"Quitman County, Mississippi",28,119,85,4,80,30,15,15,0,40,10,10,20,0,0,0,0,10,0,10,0,41,12,44,21,18,19,17,32,14,14,27,17,17,17,17,12,17,12,17
2012thru2016,050,05000US28121,"Rankin County, Mississippi",28,121,750,185,565,15,0,0,15,160,0,25,130,260,85,100,75,130,0,85,45,285,143,256,29,29,29,29,113,29,31,105,174,85,101,84,131,29,97,58
2012thru2016,050,05000US28123,"Scott County, Mississippi",28,123,205,10,195,4,0,4,0,105,25,65,15,80,0,0,80,4,0,4,0,112,22,112,6,23,6,23,85,41,73,27,82,23,23,82,3,23,3,23
2012thru2016,050,05000US28125,"Sharkey County, Mississippi",28,125,0,0,0,0,0,0,0,0,0,0,0,0,0,0,0,0,0,0,0,0,12,0,0,12,0,12,0,12,0,12,12,12,12,12,12,12,12,12
2012thru2016,050,05000US28127,"Simpson County, Mississippi",28,127,195,35,160,70,0,35,35,95,0,55,40,0,0,0,0,0,0,0,0,104,39,101,72,23,58,40,67,23,51,45,23,23,23,23,23,23,23,23
2012thru2016,050,05000US28129,"Smith County, Mississippi",28,129,45,4,40,4,4,0,0,35,10,10,15,0,0,0,0,0,0,0,0,40,12,41,17,17,19,19,38,15,15,25,19,19,19,19,19,19,19,19
2012thru2016,050,05000US28131,"Stone County, Mississippi",28,131,140,0,140,40,0,0,40,60,0,20,40,40,40,0,0,0,0,0,0,109,19,109,45,19,19,45,71,19,37,62,65,65,19,19,19,19,19,19
2012thru2016,050,05000US28133,"Sunflower County, Mississippi",28,133,245,100,145,40,4,25,10,60,10,4,45,45,4,40,0,0,0,0,0,82,60,72,35,14,31,14,46,14,17,42,45,9,44,23,23,23,23,23
2012thru2016,050,05000US28135,"Tallahatchie County, Mississippi",28,135,95,0,95,35,10,0,25,50,25,4,20,10,0,0,10,0,0,0,0,55,19,55,31,12,19,29,48,39,15,29,14,19,19,14,19,19,19,19
2012thru2016,050,05000US28137,"Tate County, Mississippi",28,137,250,55,200,45,0,0,45,95,4,40,55,55,30,25,0,0,0,0,0,105,42,108,53,23,23,53,72,5,48,54,61,43,43,23,23,23,23,23
2012thru2016,050,05000US28139,"Tippah County, Mississippi",28,139,125,40,80,55,0,55,0,25,0,4,20,0,0,0,0,0,0,0,0,79,47,73,64,23,64,23,35,23,12,36,23,23,23,23,23,23,23,23
2012thru2016,050,05000US28141,"Tishomingo County, Mississippi",28,141,285,45,240,80,15,45,20,160,25,100,30,0,0,0,0,0,0,0,0,143,43,137,80,20,72,33,108,35,86,51,19,19,19,19,19,19,19,19
2012thru2016,050,05000US28143,"Tunica County, Mississippi",28,143,460,0,460,10,0,10,0,30,0,25,4,425,145,250,30,0,0,0,0,187,19,187,15,19,15,19,31,19,30,14,179,108,140,53,19,19,19,19
2012thru2016,050,05000US28145,"Union County, Mississippi",28,145,335,55,280,35,0,35,0,90,0,25,65,135,45,70,20,20,20,0,0,149,62,133,47,23,47,23,95,23,40,87,92,53,72,38,32,32,23,23
2012thru2016,050,05000US28147,"Walthall County, Mississippi",28,147,0,0,0,0,0,0,0,0,0,0,0,0,0,0,0,0,0,0,0,0,19,0,0,19,19,0,0,0,19,19,19,19,19,19,19,19,19,19
2012thru2016,050,05000US28149,"Warren County, Mississippi",28,149,535,90,445,140,0,45,95,135,40,60,35,150,40,75,35,20,20,0,0,161,81,142,109,26,70,92,84,45,56,46,98,66,51,42,39,39,26,26
2012thru2016,050,05000US28151,"Washington County, Mississippi",28,151,605,255,350,85,10,25,50,125,10,80,35,125,25,85,15,15,0,0,15,145,94,104,40,13,27,33,52,20,44,29,81,34,66,28,22,26,26,22
2012thru2016,050,05000US28153,"Wayne County, Mississippi",28,153,185,115,70,0,0,0,0,70,25,0,40,0,0,0,0,0,0,0,0,138,108,86,23,23,23,23,86,45,23,72,23,23,23,23,23,23,23,23
2012thru2016,050,05000US28155,"Webster County, Mississippi",28,155,30,0,30,15,4,10,0,10,0,0,10,0,0,0,0,0,0,0,0,28,17,28,23,10,20,17,22,17,17,22,17,17,17,17,17,17,17,17
2012thru2016,050,05000US28157,"Wilkinson County, Mississippi",28,157,0,0,0,0,0,0,0,0,0,0,0,0,0,0,0,0,0,0,0,0,0,17,17,17,17,17,17,17,17,17,17,17,17,17,17,17,17,17
2012thru2016,050,05000US28159,"Winston County, Mississippi",28,159,70,0,70,4,0,4,0,15,15,0,0,55,4,50,0,0,0,0,0,58,19,58,9,19,9,19,14,14,19,19,56,4,56,19,19,19,19,19
2012thru2016,050,05000US28161,"Yalobusha County, Mississippi",28,161,235,45,195,125,80,20,25,35,0,10,25,30,0,30,0,0,0,0,0,101,53,89,76,56,38,41,45,19,15,45,45,19,45,19,19,19,19,19
2012thru2016,050,05000US28163,"Yazoo County, Mississippi",28,163,185,45,135,50,25,25,0,50,4,0,45,35,15,0,25,0,0,0,0,93,44,83,55,39,41,23,50,4,23,49,44,24,23,38,23,23,23,23
2012thru2016,050,05000US29001,"Adair County, Missouri",29,001,310,90,220,30,10,20,0,170,125,25,20,0,0,0,0,20,20,0,0,147,92,113,38,14,39,20,100,88,39,37,20,20,20,20,35,35,20,20
2012thru2016,050,05000US29003,"Andrew County, Missouri",29,003,0,0,0,0,0,0,0,0,0,0,0,0,0,0,0,0,0,0,0,0,17,0,17,17,17,17,0,17,0,17,17,17,17,17,17,17,17,17
2012thru2016,050,05000US29005,"Atchison County, Missouri",29,005,45,20,25,25,0,15,4,0,0,0,0,0,0,0,0,0,0,0,0,30,25,21,21,15,19,13,15,15,15,15,15,15,15,15,15,15,15,15
2012thru2016,050,05000US29007,"Audrain County, Missouri",29,007,290,20,265,105,4,45,55,160,40,75,45,0,0,0,0,0,0,0,0,129,27,120,74,5,54,54,96,39,73,51,20,20,20,20,20,20,20,20
2012thru2016,050,05000US29009,"Barry County, Missouri",29,009,170,40,135,55,15,40,0,35,10,15,15,0,0,0,0,40,40,0,0,89,35,85,68,25,66,23,30,15,18,20,23,23,23,23,63,63,23,23
2012thru2016,050,05000US29011,"Barton County, Missouri",29,011,35,4,30,25,15,10,0,4,4,0,0,0,0,0,0,0,0,0,0,22,11,20,18,13,13,17,10,10,17,17,17,17,17,17,17,17,17,17
2012thru2016,050,05000US29013,"Bates County, Missouri",29,013,225,40,185,50,0,50,0,135,65,0,70,0,0,0,0,0,0,0,0,112,52,100,56,17,56,17,91,65,17,71,17,17,17,17,17,17,17,17
2012thru2016,050,05000US29015,"Benton County, Missouri",29,015,75,0,75,10,0,10,0,55,40,0,10,10,10,0,0,0,0,0,0,48,17,48,17,17,17,17,42,39,17,21,16,16,17,17,17,17,17,17
2012thru2016,050,05000US29017,"Bollinger County, Missouri",29,017,55,35,20,15,0,15,0,4,4,0,0,0,0,0,0,0,0,0,0,56,51,23,18,17,18,17,17,17,17,17,17,17,17,17,17,17,17,17
2012thru2016,050,05000US29019,"Boone County, Missouri",29,019,1140,165,980,280,25,75,180,485,30,240,215,150,0,65,85,60,0,0,60,339,155,293,129,44,67,130,206,44,152,125,120,26,74,94,75,26,26,75
2012thru2016,050,05000US29021,"Buchanan County, Missouri",29,021,1485,200,1285,105,0,10,95,940,220,550,170,195,80,50,65,45,30,15,0,312,116,274,75,26,14,73,246,120,189,88,86,64,52,49,41,33,25,26
2012thru2016,050,05000US29023,"Butler County, Missouri",29,023,435,80,350,65,4,30,30,265,25,115,125,25,0,25,0,0,0,0,0,225,71,214,57,7,35,46,183,39,104,157,43,23,43,23,23,23,23,23
2012thru2016,050,05000US29025,"Caldwell County, Missouri",29,025,25,15,10,4,4,0,0,4,4,0,0,0,0,0,0,0,0,0,0,18,15,12,10,10,15,15,8,8,15,15,15,15,15,15,15,15,15,15
2012thru2016,050,05000US29027,"Callaway County, Missouri",29,027,50,10,45,20,0,0,20,25,0,25,4,0,0,0,0,0,0,0,0,43,15,46,32,23,23,32,38,23,40,6,23,23,23,23,23,23,23,23
2012thru2016,050,05000US29029,"Camden County, Missouri",29,029,475,0,475,50,0,15,35,350,60,245,45,35,0,15,20,40,40,0,0,161,23,161,63,23,24,60,155,75,130,47,35,23,24,27,63,63,23,23
2012thru2016,050,05000US29031,"Cape Girardeau County, Missouri",29,031,745,70,680,70,4,55,10,430,155,275,0,175,20,110,45,0,0,0,0,217,72,200,49,3,48,14,175,100,149,26,113,25,94,51,26,26,26,26
2012thru2016,050,05000US29033,"Carroll County, Missouri",29,033,0,0,0,0,0,0,0,0,0,0,0,0,0,0,0,0,0,0,0,0,15,0,0,15,15,0,15,15,15,15,15,15,15,15,15,15,15,15
2012thru2016,050,05000US29035,"Carter County, Missouri",29,035,45,10,30,20,0,15,4,15,4,0,4,0,0,0,0,0,0,0,0,32,19,28,25,15,22,8,17,13,15,15,15,15,15,15,15,15,15,15
2012thru2016,050,05000US29037,"Cass County, Missouri",29,037,545,55,485,70,15,30,25,260,40,90,125,115,20,95,0,40,0,0,40,202,62,181,44,18,25,34,137,68,97,81,94,38,90,26,65,26,26,65
2012thru2016,050,05000US29039,"Cedar County, Missouri",29,039,55,40,15,0,0,0,0,4,4,0,0,10,0,0,10,0,0,0,0,67,63,17,17,17,17,17,12,12,17,17,13,17,17,13,17,17,17,17
2012thru2016,050,05000US29041,"Chariton County, Missouri",29,041,40,0,40,35,20,15,0,4,4,0,0,0,0,0,0,0,0,0,0,30,15,30,28,23,14,15,10,10,15,15,15,15,15,15,15,15,15,15
2012thru2016,050,05000US29043,"Christian County, Missouri",29,043,805,60,745,100,30,20,50,570,185,370,15,30,0,0,30,50,0,0,50,264,72,259,87,49,22,67,231,117,188,23,43,26,26,43,61,26,26,61
2012thru2016,050,05000US29045,"Clark County, Missouri",29,045,20,0,20,10,0,4,4,10,10,0,0,0,0,0,0,0,0,0,0,22,15,22,15,15,7,14,15,15,15,15,15,15,15,15,15,15,15,15
2012thru2016,050,05000US29047,"Clay County, Missouri",29,047,2205,190,2015,130,30,85,15,1470,630,690,150,375,90,215,70,40,0,40,0,448,118,433,103,48,82,25,382,280,246,95,207,87,171,74,64,26,64,26
2012thru2016,050,05000US29049,"Clinton County, Missouri",29,049,105,0,105,50,50,0,0,55,15,40,0,0,0,0,0,0,0,0,0,63,20,63,51,51,20,20,37,27,27,20,20,20,20,20,20,20,20,20
2012thru2016,050,05000US29051,"Cole County, Missouri",29,051,485,35,450,205,70,135,0,195,25,125,45,40,0,40,0,4,4,0,0,157,46,161,102,68,88,26,132,40,114,52,69,26,69,26,13,13,26,26
2012thru2016,050,05000US29053,"Cooper County, Missouri",29,053,60,0,60,40,0,0,40,20,0,0,20,0,0,0,0,0,0,0,0,47,17,47,47,17,17,47,27,17,17,27,17,17,17,17,17,17,17,17
2012thru2016,050,05000US29055,"Crawford County, Missouri",29,055,125,0,125,30,0,30,0,90,4,85,0,10,0,10,0,0,0,0,0,77,20,77,29,20,29,20,72,8,72,20,16,20,16,20,20,20,20,20
2012thru2016,050,05000US29057,"Dade County, Missouri",29,057,50,10,40,15,10,0,10,20,0,0,20,0,0,0,0,0,0,0,0,29,14,29,20,15,15,14,21,15,15,21,15,15,15,15,15,15,15,15
2012thru2016,050,05000US29059,"Dallas County, Missouri",29,059,95,55,40,4,0,0,4,40,4,10,25,0,0,0,0,0,0,0,0,79,65,47,4,17,17,4,45,10,21,40,17,17,17,17,17,17,17,17
2012thru2016,050,05000US29061,"Daviess County, Missouri",29,061,40,15,25,20,0,20,0,4,0,0,4,0,0,0,0,0,0,0,0,28,21,23,20,15,20,15,15,15,15,15,15,15,15,15,15,15,15,15
2012thru2016,050,05000US29063,"DeKalb County, Missouri",29,063,135,45,90,75,4,70,0,15,0,10,4,0,0,0,0,0,0,0,0,85,43,77,73,8,73,17,17,17,15,17,17,17,17,17,17,17,17,17
2012thru2016,050,05000US29065,"Dent County, Missouri",29,065,135,35,100,35,0,35,0,60,30,30,0,0,0,0,0,10,0,10,0,90,51,78,52,17,52,17,60,49,34,17,17,17,17,17,14,17,14,17
2012thru2016,050,05000US29067,"Douglas County, Missouri",29,067,0,0,0,0,0,0,0,0,0,0,0,0,0,0,0,0,0,0,0,17,17,17,17,17,17,17,17,17,17,17,17,17,17,17,17,17,17,17
2012thru2016,050,05000US29069,"Dunklin County, Missouri",29,069,310,165,145,100,4,70,30,25,0,0,25,20,20,0,0,0,0,0,0,90,89,79,71,7,49,47,31,23,23,31,33,33,23,23,23,23,23,23
2012thru2016,050,05000US29071,"Franklin County, Missouri",29,071,725,155,565,205,115,90,0,310,20,40,250,25,0,0,25,25,25,0,0,225,103,215,120,91,78,26,154,34,54,155,39,26,26,39,40,40,26,26
2012thru2016,050,05000US29073,"Gasconade County, Missouri",29,073,100,20,80,40,30,4,4,40,15,0,25,0,0,0,0,0,0,0,0,56,25,50,35,32,2,12,40,24,17,34,17,17,17,17,17,17,17,17
2012thru2016,050,05000US29075,"Gentry County, Missouri",29,075,30,4,25,15,0,10,4,10,10,0,0,0,0,0,0,0,0,0,0,24,3,23,18,15,13,10,15,15,15,15,15,15,15,15,15,15,15,15
2012thru2016,050,05000US29077,"Greene County, Missouri",29,077,3610,395,3215,455,105,255,100,1680,450,815,415,895,285,460,150,180,180,0,0,540,186,511,195,100,137,103,350,167,266,176,274,139,223,109,149,149,26,26
2012thru2016,050,05000US29079,"Grundy County, Missouri",29,079,170,50,120,0,0,0,0,50,4,45,0,70,70,0,0,0,0,0,0,107,54,93,17,17,17,17,68,4,66,17,71,71,17,17,17,17,17,17
2012thru2016,050,05000US29081,"Harrison County, Missouri",29,081,120,35,85,55,0,25,30,30,4,0,25,0,0,0,0,0,0,0,0,73,34,64,51,15,37,38,42,15,15,41,15,15,15,15,15,15,15,15
2012thru2016,050,05000US29083,"Henry County, Missouri",29,083,15,0,15,4,4,4,0,4,4,0,0,4,0,0,4,0,0,0,0,15,20,15,12,5,9,20,9,9,20,20,3,20,20,3,20,20,20,20
2012thru2016,050,05000US29085,"Hickory County, Missouri",29,085,60,4,55,40,15,20,4,15,4,10,0,0,0,0,0,0,0,0,0,37,7,36,32,23,23,3,17,6,15,15,15,15,15,15,15,15,15,15
2012thru2016,050,05000US29087,"Holt County, Missouri",29,087,30,0,30,15,4,4,0,15,0,0,15,0,0,0,0,0,0,0,0,27,11,27,18,10,10,11,26,11,11,26,11,11,11,11,11,11,11,11
2012thru2016,050,05000US29089,"Howard County, Missouri",29,089,70,0,70,25,15,0,15,40,0,30,10,0,0,0,0,0,0,0,0,48,17,48,30,23,17,22,37,17,33,19,17,17,17,17,17,17,17,17
2012thru2016,050,05000US29091,"Howell County, Missouri",29,091,310,30,280,110,15,35,55,170,30,125,20,0,0,0,0,0,0,0,0,139,34,132,62,29,44,40,115,32,105,23,23,23,23,23,23,23,23,23
2012thru2016,050,05000US29093,"Iron County, Missouri",29,093,95,25,65,20,0,10,10,45,15,20,10,0,0,0,0,0,0,0,0,43,34,29,18,17,14,12,25,13,23,13,17,17,17,17,17,17,17,17
2012thru2016,050,05000US29095,"Jackson County, Missouri",29,095,8925,1435,7490,1930,575,835,520,4400,1555,1695,1155,860,440,360,60,295,215,45,40,725,305,655,331,167,251,181,499,281,332,268,232,165,155,40,136,127,37,40
2012thru2016,050,05000US29097,"Jasper County, Missouri",29,097,900,110,785,25,0,25,0,430,130,180,120,270,25,240,4,65,65,0,0,276,112,234,41,26,41,26,184,104,97,99,165,42,161,16,70,70,26,26
2012thru2016,050,05000US29099,"Jefferson County, Missouri",29,099,1320,210,1110,320,75,155,85,680,135,435,115,115,45,40,25,0,0,0,0,377,130,354,185,84,129,82,280,122,201,100,104,74,64,39,26,26,26,26
2012thru2016,050,05000US29101,"Johnson County, Missouri",29,101,285,20,265,25,10,10,4,230,45,135,55,0,0,0,0,4,0,0,4,137,38,131,30,15,21,13,119,36,99,54,26,26,26,26,7,26,26,7
2012thru2016,050,05000US29103,"Knox County, Missouri",29,103,10,4,10,0,0,0,0,4,0,0,4,4,4,0,0,0,0,0,0,14,4,13,11,11,11,11,10,11,11,10,4,4,11,11,11,11,11,11
2012thru2016,050,05000US29105,"Laclede County, Missouri",29,105,270,0,270,90,25,55,15,180,4,155,20,0,0,0,0,0,0,0,0,132,23,132,97,41,83,23,120,12,109,31,23,23,23,23,23,23,23,23
2012thru2016,050,05000US29107,"Lafayette County, Missouri",29,107,430,125,305,155,20,90,45,135,20,85,30,0,0,0,0,15,15,0,0,162,109,133,106,28,86,72,96,23,84,46,23,23,23,23,28,28,23,23
2012thru2016,050,05000US29109,"Lawrence County, Missouri",29,109,280,30,255,10,0,4,4,240,15,135,90,0,0,0,0,0,0,0,0,132,31,131,15,23,7,12,129,16,103,81,23,23,23,23,23,23,23,23
2012thru2016,050,05000US29111,"Lewis County, Missouri",29,111,55,25,30,10,4,0,4,20,4,15,0,0,0,0,0,0,0,0,0,33,23,25,13,6,17,10,26,13,22,17,17,17,17,17,17,17,17,17
2012thru2016,050,05000US29113,"Lincoln County, Missouri",29,113,355,35,315,125,0,50,70,195,35,95,65,0,0,0,0,0,0,0,0,143,36,142,95,26,71,61,103,56,78,58,26,26,26,26,26,26,26,26
2012thru2016,050,05000US29115,"Linn County, Missouri",29,115,130,20,115,65,4,35,25,50,30,20,0,0,0,0,0,0,0,0,0,79,31,76,56,8,44,37,48,35,36,17,17,17,17,17,17,17,17,17
2012thru2016,050,05000US29117,"Livingston County, Missouri",29,117,65,0,65,15,10,4,0,50,25,30,0,0,0,0,0,0,0,0,0,48,17,48,18,15,10,17,45,26,40,17,17,17,17,17,17,17,17,17
2012thru2016,050,05000US29119,"McDonald County, Missouri",29,119,125,0,125,35,30,4,0,90,40,20,30,0,0,0,0,0,0,0,0,79,20,79,37,35,2,20,70,53,25,39,20,20,20,20,20,20,20,20
2012thru2016,050,05000US29121,"Macon County, Missouri",29,121,70,10,60,25,4,10,10,30,0,30,4,4,4,0,0,0,0,0,0,50,15,45,22,4,17,14,41,17,41,4,10,10,17,17,17,17,17,17
2012thru2016,050,05000US29123,"Madison County, Missouri",29,123,110,50,60,30,0,30,0,30,15,15,0,0,0,0,0,0,0,0,0,84,56,52,43,17,43,17,31,24,21,17,17,17,17,17,17,17,17,17
2012thru2016,050,05000US29125,"Maries County, Missouri",29,125,65,10,55,25,10,10,4,30,15,10,0,0,0,0,0,0,0,0,0,38,14,33,22,15,14,11,28,20,21,15,15,15,15,15,15,15,15,15
2012thru2016,050,05000US29127,"Marion County, Missouri",29,127,275,40,235,80,0,15,65,135,65,45,25,0,0,0,0,20,20,0,0,109,46,101,61,20,26,56,84,62,37,30,20,20,20,20,31,31,20,20
2012thru2016,050,05000US29129,"Mercer County, Missouri",29,129,40,15,20,20,10,10,4,0,0,0,0,0,0,0,0,0,0,0,0,30,18,21,21,22,16,3,11,11,11,11,11,11,11,11,11,11,11,11
2012thru2016,050,05000US29131,"Miller County, Missouri",29,131,165,4,165,15,4,4,4,105,0,35,70,45,25,15,0,0,0,0,0,96,4,95,13,3,5,10,81,20,58,60,47,44,20,20,20,20,20,20
2012thru2016,050,05000US29133,"Mississippi County, Missouri",29,133,95,20,75,0,0,0,0,70,10,30,25,4,0,4,0,0,0,0,0,67,29,60,17,17,17,17,59,20,39,39,6,17,6,17,17,17,17,17
2012thru2016,050,05000US29135,"Moniteau County, Missouri",29,135,110,30,80,60,0,30,30,25,0,20,4,0,0,0,0,0,0,0,0,62,32,51,45,17,34,31,27,17,23,8,17,17,17,17,17,17,17,17
2012thru2016,050,05000US29137,"Monroe County, Missouri",29,137,0,0,0,0,0,0,0,0,0,0,0,0,0,0,0,0,0,0,0,0,0,0,0,15,0,15,15,15,15,15,15,15,15,15,15,15,15,15
2012thru2016,050,05000US29139,"Montgomery County, Missouri",29,139,145,50,95,30,0,0,30,55,15,20,20,10,0,10,0,0,0,0,0,64,38,54,30,17,17,30,44,26,28,18,15,17,15,17,17,17,17,17
2012thru2016,050,05000US29141,"Morgan County, Missouri",29,141,95,4,90,85,0,40,45,4,0,0,4,0,0,0,0,0,0,0,0,86,11,87,86,20,61,57,2,20,20,2,20,20,20,20,20,20,20,20
2012thru2016,050,05000US29143,"New Madrid County, Missouri",29,143,225,15,210,110,0,15,95,45,0,35,10,55,55,0,0,0,0,0,0,91,21,87,71,17,17,65,29,17,25,14,47,47,17,17,17,17,17,17
2012thru2016,050,05000US29145,"Newton County, Missouri",29,145,335,75,260,25,20,4,0,95,70,25,0,110,70,40,0,30,0,30,0,171,82,166,30,29,2,26,118,112,38,26,109,89,65,26,44,26,44,26
2012thru2016,050,05000US29147,"Nodaway County, Missouri",29,147,205,4,200,100,30,30,40,4,4,4,0,55,55,0,0,40,40,0,0,116,10,116,61,21,38,45,17,4,20,20,83,83,20,20,65,65,20,20
2012thru2016,050,05000US29149,"Oregon County, Missouri",29,149,175,40,135,85,45,35,4,50,20,30,0,0,0,0,0,0,0,0,0,84,37,76,62,50,38,12,44,31,34,17,17,17,17,17,17,17,17,17
2012thru2016,050,05000US29151,"Osage County, Missouri",29,151,150,10,140,65,30,20,10,75,4,70,0,0,0,0,0,0,0,0,0,69,14,72,43,24,28,14,59,12,58,17,17,17,17,17,17,17,17,17
2012thru2016,050,05000US29153,"Ozark County, Missouri",29,153,40,20,20,4,0,4,0,15,10,0,4,0,0,0,0,0,0,0,0,30,24,21,10,15,10,15,16,13,15,10,15,15,15,15,15,15,15,15
2012thru2016,050,05000US29155,"Pemiscot County, Missouri",29,155,205,15,185,145,30,10,105,20,0,15,4,25,15,0,10,0,0,0,0,115,22,111,89,37,19,79,26,17,27,2,29,23,17,20,17,17,17,17
2012thru2016,050,05000US29157,"Perry County, Missouri",29,157,130,0,130,65,0,45,20,65,30,35,0,0,0,0,0,0,0,0,0,91,17,91,57,17,48,31,70,47,51,17,17,17,17,17,17,17,17,17
2012thru2016,050,05000US29159,"Pettis County, Missouri",29,159,380,110,270,95,25,25,45,90,70,0,25,85,35,10,40,0,0,0,0,175,85,143,66,40,39,43,82,74,23,40,72,44,13,57,23,23,23,23
2012thru2016,050,05000US29161,"Phelps County, Missouri",29,161,635,95,540,140,80,0,60,210,115,65,35,165,70,90,0,25,0,0,25,218,101,212,109,88,23,62,121,88,70,38,116,81,84,23,40,23,23,40
2012thru2016,050,05000US29163,"Pike County, Missouri",29,163,160,4,160,75,0,4,65,85,15,30,40,0,0,0,0,0,0,0,0,87,5,87,56,17,10,54,81,23,49,62,17,17,17,17,17,17,17,17
2012thru2016,050,05000US29165,"Platte County, Missouri",29,165,845,125,720,20,15,10,0,615,250,330,35,90,0,85,4,0,0,0,0,293,104,256,19,16,15,26,227,150,163,29,87,26,85,4,26,26,26,26
2012thru2016,050,05000US29167,"Polk County, Missouri",29,167,135,4,130,40,0,4,35,85,10,40,35,4,0,0,4,0,0,0,0,81,14,82,50,23,4,49,64,15,37,53,23,23,23,23,23,23,23,23
2012thru2016,050,05000US29169,"Pulaski County, Missouri",29,169,1095,50,1045,60,0,0,60,295,0,160,140,520,175,120,225,170,0,25,145,335,57,338,63,26,26,63,188,26,157,119,221,117,112,158,127,26,30,122
2012thru2016,050,05000US29171,"Putnam County, Missouri",29,171,35,0,35,30,0,15,15,0,0,0,0,0,0,0,0,4,0,0,4,29,11,29,29,11,22,22,11,11,11,11,11,11,11,11,7,11,11,7
2012thru2016,050,05000US29173,"Ralls County, Missouri",29,173,100,0,100,90,55,25,4,10,0,4,4,0,0,0,0,0,0,0,0,60,17,60,60,53,32,10,15,17,7,11,17,17,17,17,17,17,17,17
2012thru2016,050,05000US29175,"Randolph County, Missouri",29,175,0,0,0,0,0,0,0,0,0,0,0,0,0,0,0,0,0,0,0,0,20,0,20,20,20,20,0,0,0,20,20,20,20,20,20,20,20,20
2012thru2016,050,05000US29177,"Ray County, Missouri",29,177,135,0,135,105,10,55,40,30,15,20,0,0,0,0,0,0,0,0,0,105,20,105,100,14,84,53,39,22,33,20,20,20,20,20,20,20,20,20
2012thru2016,050,05000US29179,"Reynolds County, Missouri",29,179,30,10,20,10,0,10,0,10,4,4,0,0,0,0,0,0,0,0,0,24,14,22,16,15,16,15,15,9,9,15,15,15,15,15,15,15,15,15
2012thru2016,050,05000US29181,"Ripley County, Missouri",29,181,15,10,4,4,0,4,0,0,0,0,0,0,0,0,0,0,0,0,0,16,14,17,17,17,17,17,17,17,17,17,17,17,17,17,17,17,17,17
2012thru2016,050,05000US29183,"St. Charles County, Missouri",29,183,1745,235,1510,155,50,35,70,745,80,555,115,490,45,230,220,120,95,0,25,293,150,283,107,80,36,76,221,79,201,76,185,71,132,116,86,76,26,40
2012thru2016,050,05000US29185,"St. Clair County, Missouri",29,185,60,15,40,30,0,0,30,10,10,0,0,0,0,0,0,0,0,0,0,38,22,32,28,15,15,28,18,18,15,15,15,15,15,15,15,15,15,15
2012thru2016,050,05000US29186,"Ste. Genevieve County, Missouri",29,186,0,0,0,0,0,0,0,0,0,0,0,0,0,0,0,0,0,0,0,0,17,0,17,17,17,17,0,0,17,0,17,17,17,17,17,17,17,17
2012thru2016,050,05000US29187,"St. Francois County, Missouri",29,187,540,0,540,20,0,20,0,340,155,105,85,175,50,130,0,0,0,0,0,220,26,220,35,26,35,26,170,118,94,74,130,53,121,26,26,26,26,26
2012thru2016,050,05000US29189,"St. Louis County, Missouri",29,189,9805,690,9115,835,180,275,375,5340,1680,2720,935,2160,865,960,335,780,550,185,45,948,249,869,278,128,152,178,655,407,427,259,442,321,314,152,258,192,142,68
2012thru2016,050,05000US29195,"Saline County, Missouri",29,195,125,45,80,15,10,4,0,25,0,25,0,15,15,0,0,25,25,0,0,74,46,59,23,14,15,20,36,20,36,20,24,24,20,20,39,39,20,20
2012thru2016,050,05000US29197,"Schuyler County, Missouri",29,197,55,0,55,15,10,4,0,25,15,4,4,15,0,15,0,0,0,0,0,31,11,31,12,13,12,11,19,16,10,10,23,11,23,11,11,11,11,11
2012thru2016,050,05000US29199,"Scotland County, Missouri",29,199,40,4,35,35,20,10,4,0,0,0,0,0,0,0,0,0,0,0,0,30,3,31,31,32,16,10,11,11,11,11,11,11,11,11,11,11,11,11
2012thru2016,050,05000US29201,"Scott County, Missouri",29,201,365,4,355,25,0,25,0,255,45,165,45,75,25,20,25,4,0,4,0,148,17,146,40,23,40,23,122,46,100,45,63,43,34,35,5,23,5,23
2012thru2016,050,05000US29203,"Shannon County, Missouri",29,203,20,0,20,0,0,0,0,15,10,4,0,0,0,0,0,4,0,4,0,19,15,19,15,15,15,15,19,17,9,15,15,15,15,15,4,15,4,15
2012thru2016,050,05000US29205,"Shelby County, Missouri",29,205,35,0,35,20,4,10,0,10,10,0,0,4,0,4,0,0,0,0,0,27,15,27,20,10,17,15,15,15,15,15,15,15,15,15,15,15,15,15
2012thru2016,050,05000US29207,"Stoddard County, Missouri",29,207,160,80,80,30,4,20,0,55,25,30,0,0,0,0,0,0,0,0,0,74,57,45,22,11,21,20,35,24,28,20,20,20,20,20,20,20,20,20
2012thru2016,050,05000US29209,"Stone County, Missouri",29,209,190,50,140,60,0,50,15,60,30,10,20,20,10,0,10,0,0,0,0,93,45,82,59,23,58,20,56,44,14,29,23,14,23,19,23,23,23,23
2012thru2016,050,05000US29211,"Sullivan County, Missouri",29,211,25,10,15,15,4,10,0,0,0,0,0,0,0,0,0,0,0,0,0,20,14,19,19,7,13,15,15,15,15,15,15,15,15,15,15,15,15,15
2012thru2016,050,05000US29213,"Taney County, Missouri",29,213,470,0,470,25,0,4,20,160,55,25,85,235,55,80,100,50,50,0,0,201,26,201,22,26,7,20,111,74,38,71,161,79,97,113,79,79,26,26
2012thru2016,050,05000US29215,"Texas County, Missouri",29,215,230,25,210,130,25,40,65,50,0,0,50,15,15,0,0,15,15,0,0,107,26,103,73,27,31,76,59,20,20,59,23,23,20,20,22,22,20,20
2012thru2016,050,05000US29217,"Vernon County, Missouri",29,217,180,35,145,65,55,4,4,80,20,60,0,0,0,0,0,0,0,0,0,127,53,115,82,80,20,6,93,27,90,20,20,20,20,20,20,20,20,20
2012thru2016,050,05000US29219,"Warren County, Missouri",29,219,390,120,270,40,10,15,15,200,0,90,105,30,30,0,0,0,0,0,0,164,103,140,36,15,17,28,132,23,80,103,52,52,23,23,23,23,23,23
2012thru2016,050,05000US29221,"Washington County, Missouri",29,221,140,40,100,35,0,25,10,55,10,45,0,10,0,0,10,0,0,0,0,90,50,79,37,20,35,13,63,20,62,20,18,20,20,18,20,20,20,20
2012thru2016,050,05000US29223,"Wayne County, Missouri",29,223,55,0,55,35,10,25,4,20,15,0,4,0,0,0,0,0,0,0,0,46,17,46,41,14,40,3,27,24,17,12,17,17,17,17,17,17,17,17
2012thru2016,050,05000US29225,"Webster County, Missouri",29,225,125,10,115,10,0,0,10,105,4,50,50,0,0,0,0,0,0,0,0,55,14,54,15,23,23,15,54,11,29,46,23,23,23,23,23,23,23,23
2012thru2016,050,05000US29227,"Worth County, Missouri",29,227,20,15,4,4,4,0,0,0,0,0,0,0,0,0,0,0,0,0,0,18,15,11,11,11,11,11,11,11,11,11,11,11,11,11,11,11,11,11
2012thru2016,050,05000US29229,"Wright County, Missouri",29,229,65,4,55,4,4,0,0,50,25,0,30,0,0,0,0,0,0,0,0,52,20,50,11,11,17,17,49,39,17,37,17,17,17,17,17,17,17,17
2012thru2016,050,05000US29510,"St. Louis city, Missouri",29,510,6410,1235,5175,1200,490,390,320,2830,1665,865,300,770,380,300,90,375,195,130,50,648,225,622,298,180,131,150,415,330,218,132,235,143,152,61,145,97,89,55
2012thru2016,050,05000US30001,"Beaverhead County, Montana",30,001,60,10,50,40,0,40,0,10,0,10,0,0,0,0,0,0,0,0,0,56,8,56,55,14,55,14,14,14,14,14,14,14,14,14,14,14,14,14
2012thru2016,050,05000US30003,"Big Horn County, Montana",30,003,115,10,105,40,0,30,10,70,45,25,0,0,0,0,0,0,0,0,0,79,12,80,35,16,36,13,75,63,36,16,16,16,16,16,16,16,16,16
2012thru2016,050,05000US30005,"Blaine County, Montana",30,005,70,4,70,30,4,4,25,35,15,20,0,0,0,0,0,0,0,0,0,29,14,30,18,14,14,17,24,18,21,14,14,14,14,14,14,14,14,14
2012thru2016,050,05000US30007,"Broadwater County, Montana",30,007,0,0,0,0,0,0,0,0,0,0,0,0,0,0,0,0,0,0,0,0,14,0,14,14,14,14,0,14,0,14,14,14,14,14,14,14,14,14
2012thru2016,050,05000US30009,"Carbon County, Montana",30,009,200,10,190,30,15,15,0,125,50,25,50,40,0,40,0,0,0,0,0,74,16,72,32,23,24,16,60,37,27,50,39,16,39,16,16,16,16,16
2012thru2016,050,05000US30011,"Carter County, Montana",30,011,0,0,0,0,0,0,0,0,0,0,0,0,0,0,0,0,0,0,0,0,10,0,0,0,10,10,10,10,10,10,10,10,10,10,10,10,10,10
2012thru2016,050,05000US30013,"Cascade County, Montana",30,013,670,40,630,85,75,10,0,415,150,175,90,115,50,35,25,20,20,0,0,172,45,172,85,84,13,23,139,84,108,71,89,74,46,22,31,31,23,23
2012thru2016,050,05000US30015,"Chouteau County, Montana",30,015,30,0,30,15,0,0,15,15,15,0,0,0,0,0,0,0,0,0,0,25,14,25,18,14,14,18,17,17,14,14,14,14,14,14,14,14,14,14
2012thru2016,050,05000US30017,"Custer County, Montana",30,017,85,30,60,25,0,25,0,30,0,0,30,0,0,0,0,0,0,0,0,62,32,56,44,16,44,16,36,16,16,36,16,16,16,16,16,16,16,16
2012thru2016,050,05000US30019,"Daniels County, Montana",30,019,35,0,35,30,15,10,4,10,0,10,0,0,0,0,0,0,0,0,0,29,10,29,27,21,17,6,14,10,14,10,10,10,10,10,10,10,10,10
2012thru2016,050,05000US30021,"Dawson County, Montana",30,021,0,0,0,0,0,0,0,0,0,0,0,0,0,0,0,0,0,0,0,0,14,0,14,14,14,14,0,14,14,0,14,14,14,14,14,14,14,14
2012thru2016,050,05000US30023,"Deer Lodge County, Montana",30,023,85,25,55,0,0,0,0,55,0,55,0,0,0,0,0,0,0,0,0,80,44,67,14,14,14,14,67,14,67,14,14,14,14,14,14,14,14,14
2012thru2016,050,05000US30025,"Fallon County, Montana",30,025,0,0,0,0,0,0,0,0,0,0,0,0,0,0,0,0,0,0,0,0,10,0,0,0,10,10,0,10,0,10,10,10,10,10,10,10,10,10
2012thru2016,050,05000US30027,"Fergus County, Montana",30,027,25,0,25,15,0,15,0,4,0,4,0,4,0,0,4,0,0,0,0,19,16,19,16,16,16,16,7,16,7,16,12,16,16,12,16,16,16,16
2012thru2016,050,05000US30029,"Flathead County, Montana",30,029,840,15,825,50,0,4,45,400,260,110,30,160,35,30,90,220,175,0,45,294,20,293,74,23,8,73,196,154,99,46,101,58,41,73,135,113,23,71
2012thru2016,050,05000US30031,"Gallatin County, Montana",30,031,860,25,835,65,20,10,35,430,110,185,130,220,30,55,130,120,10,40,70,264,24,260,47,22,22,34,168,88,95,109,153,39,75,122,96,18,38,87
2012thru2016,050,05000US30033,"Garfield County, Montana",30,033,0,0,0,0,0,0,0,0,0,0,0,0,0,0,0,0,0,0,0,0,10,0,10,10,10,10,0,0,10,10,10,10,10,10,0,0,10,10
2012thru2016,050,05000US30035,"Glacier County, Montana",30,035,65,10,55,35,10,15,10,20,0,0,20,0,0,0,0,0,0,0,0,47,13,45,25,15,19,14,35,16,16,35,16,16,16,16,16,16,16,16
2012thru2016,050,05000US30037,"Golden Valley County, Montana",30,037,0,0,0,0,0,0,0,0,0,0,0,0,0,0,0,0,0,0,0,10,10,10,10,10,10,10,10,10,10,10,10,10,10,10,10,10,10,10
2012thru2016,050,05000US30039,"Granite County, Montana",30,039,70,10,60,60,15,20,25,4,0,0,4,0,0,0,0,0,0,0,0,42,14,39,39,19,23,28,5,10,10,5,10,10,10,10,10,10,10,10
2012thru2016,050,05000US30041,"Hill County, Montana",30,041,60,0,60,10,0,0,10,50,25,4,25,0,0,0,0,0,0,0,0,46,16,46,12,16,16,12,46,35,1,34,16,16,16,16,16,16,16,16
2012thru2016,050,05000US30043,"Jefferson County, Montana",30,043,30,0,30,15,10,0,4,0,0,0,0,15,0,15,0,0,0,0,0,32,16,32,21,13,16,18,16,16,16,16,25,16,25,16,16,16,16,16
2012thru2016,050,05000US30045,"Judith Basin County, Montana",30,045,10,0,10,10,0,0,10,0,0,0,0,0,0,0,0,0,0,0,0,13,10,13,13,10,10,13,10,10,10,10,10,10,10,10,10,10,10,10
2012thru2016,050,05000US30047,"Lake County, Montana",30,047,195,25,170,65,20,15,30,70,10,20,40,35,0,10,25,0,0,0,0,69,28,64,38,22,20,26,47,14,26,38,31,18,14,25,18,18,18,18
2012thru2016,050,05000US30049,"Lewis and Clark County, Montana",30,049,585,45,540,45,45,0,0,250,110,135,4,170,95,75,0,75,45,30,0,233,73,226,53,53,23,23,144,103,106,10,136,88,80,23,86,72,45,23
2012thru2016,050,05000US30051,"Liberty County, Montana",30,051,0,0,0,0,0,0,0,0,0,0,0,0,0,0,0,0,0,0,0,0,10,0,0,10,10,0,0,10,0,10,10,10,10,10,10,10,10,10
2012thru2016,050,05000US30053,"Lincoln County, Montana",30,053,225,0,225,45,35,0,10,180,90,80,10,0,0,0,0,0,0,0,0,119,16,119,44,42,16,13,103,76,72,14,16,16,16,16,16,16,16,16
2012thru2016,050,05000US30055,"McCone County, Montana",30,055,20,10,10,10,0,0,10,0,0,0,0,0,0,0,0,0,0,0,0,19,14,13,13,10,10,13,10,10,10,10,10,10,10,10,10,10,10,10
2012thru2016,050,05000US30057,"Madison County, Montana",30,057,510,0,510,210,40,30,140,250,140,15,95,50,25,10,15,0,0,0,0,99,14,99,88,37,32,73,91,61,21,59,46,35,15,23,14,14,14,14
2012thru2016,050,05000US30059,"Meagher County, Montana",30,059,55,0,55,20,10,0,10,35,20,15,0,0,0,0,0,0,0,0,0,30,10,30,22,14,10,13,23,17,19,10,10,10,10,10,10,10,10,10
2012thru2016,050,05000US30061,"Mineral County, Montana",30,061,70,4,65,25,10,15,0,25,15,10,0,20,15,4,0,0,0,0,0,37,4,39,23,14,18,10,22,19,13,10,19,18,3,10,10,10,10,10
2012thru2016,050,05000US30063,"Missoula County, Montana",30,063,865,4,860,25,20,0,4,445,130,260,55,285,155,90,35,110,65,0,45,284,23,281,35,36,23,3,222,100,188,67,165,113,106,63,102,77,23,63
2012thru2016,050,05000US30065,"Musselshell County, Montana",30,065,85,4,75,15,0,15,0,40,0,25,15,20,15,0,4,0,0,0,0,57,12,53,22,10,22,10,42,10,36,24,26,23,10,10,10,10,10,10
2012thru2016,050,05000US30067,"Park County, Montana",30,067,160,4,155,25,15,0,10,70,0,55,15,30,0,30,0,30,0,0,30,87,16,85,27,27,16,13,64,16,62,18,26,16,26,16,44,16,16,44
2012thru2016,050,05000US30069,"Petroleum County, Montana",30,069,0,0,0,0,0,0,0,0,0,0,0,0,0,0,0,0,0,0,0,0,0,10,10,10,10,10,10,10,10,10,10,10,10,10,10,10,10,10
2012thru2016,050,05000US30071,"Phillips County, Montana",30,071,35,0,35,20,0,0,20,15,0,15,0,0,0,0,0,0,0,0,0,34,10,34,29,10,10,29,22,10,22,10,10,10,10,10,10,10,10,10
2012thru2016,050,05000US30073,"Pondera County, Montana",30,073,65,0,65,20,10,4,0,45,10,0,35,0,0,0,0,0,0,0,0,48,14,48,21,22,10,14,41,14,14,37,14,14,14,14,14,14,14,14
2012thru2016,050,05000US30075,"Powder River County, Montana",30,075,0,0,0,0,0,0,0,0,0,0,0,0,0,0,0,0,0,0,0,10,10,10,10,10,10,10,10,10,10,10,10,10,10,10,10,10,10,10
2012thru2016,050,05000US30077,"Powell County, Montana",30,077,0,0,0,0,0,0,0,0,0,0,0,0,0,0,0,0,0,0,0,0,14,0,0,14,0,0,14,14,14,14,14,14,14,14,14,14,14,14
2012thru2016,050,05000US30079,"Prairie County, Montana",30,079,0,0,0,0,0,0,0,0,0,0,0,0,0,0,0,0,0,0,0,0,10,0,10,10,10,10,0,10,0,0,10,10,10,10,10,10,10,10
2012thru2016,050,05000US30081,"Ravalli County, Montana",30,081,200,15,180,55,55,0,0,120,0,95,25,4,0,4,0,0,0,0,0,103,30,106,49,49,21,21,93,21,83,39,10,21,10,21,21,21,21,21
2012thru2016,050,05000US30083,"Richland County, Montana",30,083,105,0,105,15,0,15,0,60,35,20,4,0,0,0,0,30,0,0,30,78,16,78,19,16,19,16,59,50,34,8,16,16,16,16,46,16,16,46
2012thru2016,050,05000US30085,"Roosevelt County, Montana",30,085,120,20,100,50,10,35,4,45,4,30,10,10,0,4,4,0,0,0,0,38,15,34,21,14,20,16,24,3,21,13,13,16,8,2,16,16,16,16
2012thru2016,050,05000US30087,"Rosebud County, Montana",30,087,120,15,105,55,25,15,15,50,0,45,4,0,0,0,0,0,0,0,0,57,23,53,32,24,15,11,47,14,48,1,14,14,14,14,14,14,14,14
2012thru2016,050,05000US30089,"Sanders County, Montana",30,089,55,4,55,45,4,20,20,10,10,0,4,0,0,0,0,0,0,0,0,33,3,30,28,16,19,22,11,10,16,16,16,16,16,16,16,16,16,16
2012thru2016,050,05000US30091,"Sheridan County, Montana",30,091,35,0,35,25,4,15,4,15,0,15,0,4,4,0,0,0,0,0,0,34,10,34,26,2,25,9,21,10,21,10,4,4,10,10,10,10,10,10
2012thru2016,050,05000US30093,"Silver Bow County, Montana",30,093,380,85,295,40,40,4,0,255,75,110,65,0,0,0,0,0,0,0,0,171,81,153,63,63,21,21,143,85,89,74,21,21,21,21,21,21,21,21
2012thru2016,050,05000US30095,"Stillwater County, Montana",30,095,115,0,115,35,15,20,0,80,60,25,0,0,0,0,0,0,0,0,0,66,14,66,36,21,32,14,51,42,29,14,14,14,14,14,14,14,14,14
2012thru2016,050,05000US30097,"Sweet Grass County, Montana",30,097,30,0,30,20,0,20,0,10,10,0,4,0,0,0,0,0,0,0,0,23,10,23,23,10,23,10,18,14,10,4,10,10,10,10,10,10,10,10
2012thru2016,050,05000US30099,"Teton County, Montana",30,099,20,0,20,0,0,0,0,20,10,0,10,0,0,0,0,0,0,0,0,16,14,16,14,14,14,14,16,14,14,12,14,14,14,14,14,14,14,14
2012thru2016,050,05000US30101,"Toole County, Montana",30,101,70,0,70,10,0,0,10,60,30,20,10,0,0,0,0,0,0,0,0,45,14,45,14,14,14,14,46,37,28,13,14,14,14,14,14,14,14,14
2012thru2016,050,05000US30103,"Treasure County, Montana",30,103,0,0,0,0,0,0,0,0,0,0,0,0,0,0,0,0,0,0,0,0,10,0,0,0,10,10,10,10,10,10,10,10,10,10,10,10,10,10
2012thru2016,050,05000US30105,"Valley County, Montana",30,105,40,0,40,15,0,4,10,30,0,4,25,0,0,0,0,0,0,0,0,40,14,40,13,14,10,13,43,14,5,42,14,14,14,14,14,14,14,14
2012thru2016,050,05000US30107,"Wheatland County, Montana",30,107,40,0,40,40,15,10,15,0,0,0,0,0,0,0,0,0,0,0,0,28,10,28,28,22,19,18,10,10,10,10,10,10,10,10,10,10,10,10
2012thru2016,050,05000US30109,"Wibaux County, Montana",30,109,0,0,0,0,0,0,0,0,0,0,0,0,0,0,0,0,0,0,0,0,10,0,10,10,10,10,10,10,10,10,0,0,10,10,10,10,10,10
2012thru2016,050,05000US30111,"Yellowstone County, Montana",30,111,1085,135,955,75,0,75,0,315,95,100,120,305,30,65,210,255,95,165,0,276,122,250,83,23,83,23,174,93,78,119,150,49,53,132,134,92,123,23
2012thru2016,050,05000US31001,"Adams County, Nebraska",31,001,110,0,110,20,15,4,0,90,50,35,0,0,0,0,0,0,0,0,0,70,20,70,27,25,13,20,66,58,37,20,20,20,20,20,20,20,20,20
2012thru2016,050,05000US31003,"Antelope County, Nebraska",31,003,45,25,20,15,10,0,4,4,0,4,0,0,0,0,0,0,0,0,0,31,26,16,15,14,13,10,15,13,15,13,13,13,13,13,13,13,13,13
2012thru2016,050,05000US31005,"Arthur County, Nebraska",31,005,0,0,0,0,0,0,0,0,0,0,0,0,0,0,0,0,0,0,0,9,9,9,9,9,9,9,9,9,9,9,9,9,9,9,9,9,9,9
2012thru2016,050,05000US31007,"Banner County, Nebraska",31,007,0,0,0,0,0,0,0,0,0,0,0,0,0,0,0,0,0,0,0,9,9,9,9,9,9,9,9,9,9,9,9,9,9,9,9,9,9,9
2012thru2016,050,05000US31009,"Blaine County, Nebraska",31,009,0,0,0,0,0,0,0,0,0,0,0,0,0,0,0,0,0,0,0,9,9,9,9,9,9,9,9,9,9,9,9,9,9,9,9,9,9,9
2012thru2016,050,05000US31011,"Boone County, Nebraska",31,011,60,30,30,20,4,10,4,10,10,4,0,0,0,0,0,0,0,0,0,37,31,20,16,11,14,2,14,13,4,13,13,13,13,13,13,13,13,13
2012thru2016,050,05000US31013,"Box Butte County, Nebraska",31,013,85,4,80,60,0,40,20,0,0,0,0,0,0,0,0,20,20,0,0,66,11,66,61,15,58,21,15,15,15,15,15,15,15,15,33,33,15,15
2012thru2016,050,05000US31015,"Boyd County, Nebraska",31,015,25,4,20,10,0,10,0,0,0,0,0,0,0,0,0,4,4,4,0,22,10,21,18,9,18,9,9,9,9,9,9,9,9,9,10,3,2,9
2012thru2016,050,05000US31017,"Brown County, Nebraska",31,017,0,0,0,0,0,0,0,0,0,0,0,0,0,0,0,0,0,0,0,0,0,0,0,9,9,0,9,9,9,9,9,9,9,9,9,9,9,9
2012thru2016,050,05000US31019,"Buffalo County, Nebraska",31,019,225,10,215,15,0,0,15,175,50,120,4,30,0,25,4,0,0,0,0,118,11,119,16,20,20,16,109,54,97,20,42,20,41,4,20,20,20,20
2012thru2016,050,05000US31021,"Burt County, Nebraska",31,021,60,0,60,25,10,15,0,15,0,10,10,20,10,10,0,0,0,0,0,32,13,32,22,14,19,13,22,13,15,13,23,14,13,13,13,13,13,13
2012thru2016,050,05000US31023,"Butler County, Nebraska",31,023,10,4,4,4,4,0,0,4,0,4,0,0,0,0,0,0,0,0,0,12,3,12,13,13,13,13,2,13,2,13,13,13,13,13,13,13,13,13
2012thru2016,050,05000US31025,"Cass County, Nebraska",31,025,120,70,50,50,40,10,0,0,0,0,0,0,0,0,0,0,0,0,0,77,59,47,47,44,15,17,17,17,17,17,17,17,17,17,17,17,17,17
2012thru2016,050,05000US31027,"Cedar County, Nebraska",31,027,35,15,20,15,4,10,0,0,0,0,0,10,10,0,0,0,0,0,0,29,17,20,16,9,14,13,13,13,13,13,12,12,13,13,13,13,13,13
2012thru2016,050,05000US31029,"Chase County, Nebraska",31,029,0,0,0,0,0,0,0,0,0,0,0,0,0,0,0,0,0,0,0,0,9,0,0,0,9,9,9,9,9,9,9,9,9,9,9,9,9,9
2012thru2016,050,05000US31031,"Cherry County, Nebraska",31,031,10,4,4,4,0,0,4,0,0,0,0,0,0,0,0,0,0,0,0,15,10,10,10,13,13,10,13,13,13,13,13,13,13,13,13,13,13,13
2012thru2016,050,05000US31033,"Cheyenne County, Nebraska",31,033,85,0,85,70,20,25,20,4,0,4,4,10,10,0,0,0,0,0,0,59,15,59,57,32,36,35,8,15,1,1,13,13,15,15,15,15,15,15
2012thru2016,050,05000US31035,"Clay County, Nebraska",31,035,45,35,10,10,0,4,4,4,4,0,0,0,0,0,0,0,0,0,0,38,38,11,16,13,4,10,2,2,13,13,13,13,13,13,13,13,13,13
2012thru2016,050,05000US31037,"Colfax County, Nebraska",31,037,15,4,10,0,0,0,0,4,0,4,0,4,4,0,0,0,0,0,0,14,10,15,15,15,15,15,9,15,9,15,3,3,15,15,15,15,15,15
2012thru2016,050,05000US31039,"Cuming County, Nebraska",31,039,85,25,60,20,10,4,4,40,30,10,0,0,0,0,0,0,0,0,0,72,36,50,23,14,19,10,46,45,14,13,13,13,13,13,13,13,13,13
2012thru2016,050,05000US31041,"Custer County, Nebraska",31,041,75,40,30,0,0,0,0,30,4,25,0,0,0,0,0,0,0,0,0,56,35,42,15,15,15,15,42,10,40,15,15,15,15,15,15,15,15,15
2012thru2016,050,05000US31043,"Dakota County, Nebraska",31,043,75,0,75,55,55,0,0,20,0,0,20,0,0,0,0,0,0,0,0,75,17,75,71,71,17,17,33,17,17,33,17,17,17,17,17,17,17,17
2012thru2016,050,05000US31045,"Dawes County, Nebraska",31,045,0,0,0,0,0,0,0,0,0,0,0,0,0,0,0,0,0,0,0,0,0,0,13,13,13,13,0,0,13,13,13,13,13,13,13,13,13,13
2012thru2016,050,05000US31047,"Dawson County, Nebraska",31,047,230,30,200,105,25,45,30,95,25,45,25,0,0,0,0,0,0,0,0,104,42,97,75,40,49,41,74,41,49,38,17,17,17,17,17,17,17,17
2012thru2016,050,05000US31049,"Deuel County, Nebraska",31,049,0,0,0,0,0,0,0,0,0,0,0,0,0,0,0,0,0,0,0,0,9,0,9,9,9,9,9,9,9,9,0,9,0,9,9,9,9,9
2012thru2016,050,05000US31051,"Dixon County, Nebraska",31,051,35,4,35,25,4,0,20,10,10,0,0,0,0,0,0,0,0,0,0,28,13,27,25,3,13,24,13,13,13,13,13,13,13,13,13,13,13,13
2012thru2016,050,05000US31053,"Dodge County, Nebraska",31,053,225,90,135,65,0,55,10,55,25,30,0,0,0,0,0,20,20,0,0,123,72,86,69,20,65,13,49,34,34,20,20,20,20,20,32,32,20,20
2012thru2016,050,05000US31055,"Douglas County, Nebraska",31,055,6220,575,5645,900,310,240,350,2900,1090,1270,540,1465,425,880,160,380,215,105,60,641,188,617,236,133,113,129,410,221,313,183,421,173,338,114,139,116,67,58
2012thru2016,050,05000US31057,"Dundy County, Nebraska",31,057,0,0,0,0,0,0,0,0,0,0,0,0,0,0,0,0,0,0,0,0,9,0,0,9,0,9,9,9,9,9,9,9,9,9,9,9,9,9
2012thru2016,050,05000US31059,"Fillmore County, Nebraska",31,059,40,0,40,25,4,20,0,15,0,0,15,0,0,0,0,0,0,0,0,31,13,31,25,12,25,13,23,13,13,23,13,13,13,13,13,13,13,13
2012thru2016,050,05000US31061,"Franklin County, Nebraska",31,061,35,10,25,15,10,0,4,0,0,0,0,0,0,0,0,10,10,0,0,28,17,22,18,13,9,3,9,9,9,9,9,9,9,9,14,14,9,9
2012thru2016,050,05000US31063,"Frontier County, Nebraska",31,063,30,4,25,20,0,20,4,4,0,4,0,0,0,0,0,0,0,0,0,21,10,20,19,9,19,9,6,9,6,9,9,9,9,9,9,9,9,9
2012thru2016,050,05000US31065,"Furnas County, Nebraska",31,065,40,20,20,20,10,0,15,0,0,0,0,0,0,0,0,0,0,0,0,31,18,25,25,13,9,22,9,9,9,9,9,9,9,9,9,9,9,9
2012thru2016,050,05000US31067,"Gage County, Nebraska",31,067,345,120,225,140,25,35,80,75,45,25,4,10,10,0,0,0,0,0,0,118,67,94,64,27,43,54,53,43,31,10,13,13,17,17,17,17,17,17
2012thru2016,050,05000US31069,"Garden County, Nebraska",31,069,0,0,0,0,0,0,0,0,0,0,0,0,0,0,0,0,0,0,0,0,9,0,9,9,9,9,0,9,0,9,9,9,9,9,9,9,9,9
2012thru2016,050,05000US31071,"Garfield County, Nebraska",31,071,0,0,0,0,0,0,0,0,0,0,0,0,0,0,0,0,0,0,0,0,9,0,0,0,9,9,9,9,9,9,9,9,9,9,9,9,9,9
2012thru2016,050,05000US31073,"Gosper County, Nebraska",31,073,0,0,0,0,0,0,0,0,0,0,0,0,0,0,0,0,0,0,0,0,9,0,0,0,9,9,9,9,9,9,9,9,9,9,9,9,9,9
2012thru2016,050,05000US31075,"Grant County, Nebraska",31,075,0,0,0,0,0,0,0,0,0,0,0,0,0,0,0,0,0,0,0,0,0,0,0,9,0,9,9,9,9,9,9,9,9,9,9,9,9,9
2012thru2016,050,05000US31077,"Greeley County, Nebraska",31,077,30,15,15,15,10,4,0,0,0,0,0,0,0,0,0,0,0,0,0,19,16,16,16,15,5,9,9,9,9,9,9,9,9,9,9,9,9,9
2012thru2016,050,05000US31079,"Hall County, Nebraska",31,079,215,20,195,15,0,15,0,175,75,65,40,0,0,0,0,0,0,0,0,100,38,103,14,22,14,22,101,70,66,53,22,22,22,22,22,22,22,22
2012thru2016,050,05000US31081,"Hamilton County, Nebraska",31,081,0,0,0,0,0,0,0,0,0,0,0,0,0,0,0,0,0,0,0,0,13,0,13,13,13,13,0,13,0,13,13,13,13,13,13,13,13,13
2012thru2016,050,05000US31083,"Harlan County, Nebraska",31,083,0,0,0,0,0,0,0,0,0,0,0,0,0,0,0,0,0,0,0,9,9,9,9,9,9,9,9,9,9,9,9,9,9,9,9,9,9,9
2012thru2016,050,05000US31085,"Hayes County, Nebraska",31,085,0,0,0,0,0,0,0,0,0,0,0,0,0,0,0,0,0,0,0,0,9,0,0,0,9,9,9,9,9,9,9,9,9,9,9,9,9,9
2012thru2016,050,05000US31087,"Hitchcock County, Nebraska",31,087,10,4,10,0,0,0,0,10,4,4,0,0,0,0,0,0,0,0,0,15,9,13,9,9,9,9,13,11,5,9,9,9,9,9,9,9,9,9
2012thru2016,050,05000US31089,"Holt County, Nebraska",31,089,55,0,55,25,20,4,0,10,0,10,0,20,20,0,0,0,0,0,0,48,15,48,35,35,6,15,13,15,13,15,34,34,15,15,15,15,15,15
2012thru2016,050,05000US31091,"Hooker County, Nebraska",31,091,0,0,0,0,0,0,0,0,0,0,0,0,0,0,0,0,0,0,0,0,9,0,0,9,9,0,0,0,9,9,9,9,9,9,9,9,9,9
2012thru2016,050,05000US31093,"Howard County, Nebraska",31,093,80,0,80,50,0,4,40,0,0,0,0,0,0,0,0,30,30,0,0,65,13,65,57,13,10,54,13,13,13,13,13,13,13,13,37,37,13,13
2012thru2016,050,05000US31095,"Jefferson County, Nebraska",31,095,70,20,55,55,0,45,10,0,0,0,0,0,0,0,0,0,0,0,0,48,31,45,45,13,44,12,13,13,13,13,13,13,13,13,13,13,13,13
2012thru2016,050,05000US31097,"Johnson County, Nebraska",31,097,35,0,35,10,4,0,4,25,15,10,4,0,0,0,0,0,0,0,0,17,13,17,11,10,13,11,17,19,15,13,13,13,13,13,13,13,13,13
2012thru2016,050,05000US31099,"Kearney County, Nebraska",31,099,20,4,15,4,0,4,0,10,0,10,0,0,0,0,0,0,0,0,0,19,9,19,7,13,7,13,15,13,15,13,13,13,13,13,13,13,13,13
2012thru2016,050,05000US31101,"Keith County, Nebraska",31,101,55,0,55,50,25,0,25,4,4,0,0,0,0,0,0,0,0,0,0,46,13,46,46,37,13,31,13,13,13,13,13,13,13,13,13,13,13,13
2012thru2016,050,05000US31103,"Keya Paha County, Nebraska",31,103,0,0,0,0,0,0,0,0,0,0,0,0,0,0,0,0,0,0,0,0,9,0,0,9,0,9,9,9,9,9,9,9,9,9,0,0,9,9
2012thru2016,050,05000US31105,"Kimball County, Nebraska",31,105,75,0,75,15,0,15,0,15,0,0,15,0,0,0,0,50,0,50,0,43,9,43,23,9,23,9,23,9,9,23,9,9,9,9,28,9,28,9
2012thru2016,050,05000US31107,"Knox County, Nebraska",31,107,60,4,55,30,15,10,4,25,25,0,0,0,0,0,0,0,0,0,0,28,10,27,14,13,13,15,24,24,13,13,13,13,13,13,13,13,13,13
2012thru2016,050,05000US31109,"Lancaster County, Nebraska",31,109,1820,65,1755,305,155,115,35,1010,525,385,100,340,80,175,85,100,55,45,0,357,47,350,129,96,87,45,281,201,157,72,172,86,115,93,113,90,68,22
2012thru2016,050,05000US31111,"Lincoln County, Nebraska",31,111,450,45,400,85,0,85,4,135,0,85,55,145,95,50,0,35,0,35,0,195,64,188,95,20,95,4,122,20,94,84,123,98,76,20,56,20,56,20
2012thru2016,050,05000US31113,"Logan County, Nebraska",31,113,0,0,0,0,0,0,0,0,0,0,0,0,0,0,0,0,0,0,0,0,0,0,0,9,0,9,9,9,9,9,9,9,9,9,9,9,9,9
2012thru2016,050,05000US31115,"Loup County, Nebraska",31,115,0,0,0,0,0,0,0,0,0,0,0,0,0,0,0,0,0,0,0,9,9,9,9,9,9,9,9,9,9,9,9,9,9,9,9,9,9,9
2012thru2016,050,05000US31117,"McPherson County, Nebraska",31,117,0,0,0,0,0,0,0,0,0,0,0,0,0,0,0,0,0,0,0,0,9,0,0,9,0,9,9,9,9,9,9,9,9,9,9,9,9,9
2012thru2016,050,05000US31119,"Madison County, Nebraska",31,119,305,30,275,55,45,0,10,175,45,105,25,45,20,0,25,0,0,0,0,108,37,104,40,37,20,15,88,51,69,26,52,34,20,42,20,20,20,20
2012thru2016,050,05000US31121,"Merrick County, Nebraska",31,121,60,45,15,4,4,0,0,10,10,0,0,0,0,0,0,0,0,0,0,48,48,12,9,9,13,13,9,9,13,13,13,13,13,13,13,13,13,13
2012thru2016,050,05000US31123,"Morrill County, Nebraska",31,123,0,0,0,0,0,0,0,0,0,0,0,0,0,0,0,0,0,0,0,0,9,0,0,9,9,0,9,9,9,9,9,9,9,9,9,9,9,9
2012thru2016,050,05000US31125,"Nance County, Nebraska",31,125,0,0,0,0,0,0,0,0,0,0,0,0,0,0,0,0,0,0,0,0,9,0,0,9,0,9,0,0,9,9,9,9,9,9,9,9,9,9
2012thru2016,050,05000US31127,"Nemaha County, Nebraska",31,127,115,4,110,110,25,40,45,0,0,0,0,0,0,0,0,0,0,0,0,61,3,62,62,33,33,46,13,13,13,13,13,13,13,13,13,13,13,13
2012thru2016,050,05000US31129,"Nuckolls County, Nebraska",31,129,0,0,0,0,0,0,0,0,0,0,0,0,0,0,0,0,0,0,0,0,9,0,0,9,0,0,9,9,9,9,9,9,9,9,9,9,9,9
2012thru2016,050,05000US31131,"Otoe County, Nebraska",31,131,0,0,0,0,0,0,0,0,0,0,0,0,0,0,0,0,0,0,0,0,15,0,0,15,15,0,0,15,0,15,15,15,15,15,15,15,15,15
2012thru2016,050,05000US31133,"Pawnee County, Nebraska",31,133,0,0,0,0,0,0,0,0,0,0,0,0,0,0,0,0,0,0,0,0,9,0,0,9,0,9,9,9,9,9,9,9,9,9,9,9,9,9
2012thru2016,050,05000US31135,"Perkins County, Nebraska",31,135,15,4,10,0,0,0,0,4,4,0,0,0,0,0,0,4,4,0,0,15,3,15,9,9,9,9,9,9,9,9,9,9,9,9,10,10,9,9
2012thru2016,050,05000US31137,"Phelps County, Nebraska",31,137,90,45,40,40,0,40,4,0,0,0,0,0,0,0,0,0,0,0,0,66,54,39,39,13,40,13,13,13,13,13,13,13,13,13,13,13,13,13
2012thru2016,050,05000US31139,"Pierce County, Nebraska",31,139,50,4,40,15,10,4,0,30,15,4,4,0,0,0,0,0,0,0,0,28,15,30,19,14,2,13,24,17,9,15,13,13,13,13,13,13,13,13
2012thru2016,050,05000US31141,"Platte County, Nebraska",31,141,130,50,80,35,30,4,0,45,40,0,4,0,0,0,0,0,0,0,0,99,82,60,45,44,10,20,42,42,20,3,20,20,20,20,20,20,20,20
2012thru2016,050,05000US31143,"Polk County, Nebraska",31,143,30,4,25,20,4,15,0,10,0,10,0,0,0,0,0,0,0,0,0,25,9,26,24,13,23,13,14,13,14,13,13,13,13,13,13,13,13,13
2012thru2016,050,05000US31145,"Red Willow County, Nebraska",31,145,75,0,75,40,0,30,10,35,20,0,15,0,0,0,0,0,0,0,0,50,15,50,38,15,34,14,33,32,15,21,15,15,15,15,15,15,15,15
2012thru2016,050,05000US31147,"Richardson County, Nebraska",31,147,15,4,15,15,4,4,4,4,0,0,4,0,0,0,0,0,0,0,0,14,9,14,15,9,4,3,4,13,13,4,13,13,13,13,13,13,13,13
2012thru2016,050,05000US31149,"Rock County, Nebraska",31,149,20,0,20,15,10,0,4,4,4,0,0,0,0,0,0,0,0,0,0,17,9,17,15,13,9,10,9,9,9,9,9,9,9,9,9,9,9,9
2012thru2016,050,05000US31151,"Saline County, Nebraska",31,151,45,0,45,15,0,15,0,30,0,30,0,0,0,0,0,0,0,0,0,49,15,49,17,15,17,15,46,15,46,15,15,15,15,15,15,15,15,15
2012thru2016,050,05000US31153,"Sarpy County, Nebraska",31,153,1085,135,950,4,0,0,4,475,190,195,95,470,130,110,230,0,0,0,0,252,100,230,22,22,22,22,171,116,113,67,179,85,92,132,22,22,22,22
2012thru2016,050,05000US31155,"Saunders County, Nebraska",31,155,45,35,10,4,4,0,0,4,0,0,4,0,0,0,0,0,0,0,0,52,50,14,10,10,17,17,10,17,17,10,17,17,17,17,17,17,17,17
2012thru2016,050,05000US31157,"Scotts Bluff County, Nebraska",31,157,215,0,215,105,55,40,15,75,0,60,15,25,0,0,25,10,10,0,0,100,20,100,76,58,46,24,57,20,54,26,31,20,20,31,17,17,20,20
2012thru2016,050,05000US31159,"Seward County, Nebraska",31,159,90,0,90,55,10,15,30,25,0,25,0,10,0,10,0,0,0,0,0,48,15,48,31,13,19,23,36,15,36,15,14,15,14,15,15,15,15,15
2012thru2016,050,05000US31161,"Sheridan County, Nebraska",31,161,85,30,55,50,0,35,15,4,0,4,0,0,0,0,0,0,0,0,0,42,24,31,30,13,26,21,18,13,18,13,13,13,13,13,13,13,13,13
2012thru2016,050,05000US31163,"Sherman County, Nebraska",31,163,40,40,4,0,0,0,0,4,4,0,0,0,0,0,0,0,0,0,0,27,26,9,9,9,9,9,9,9,9,9,9,9,9,9,9,9,9,9
2012thru2016,050,05000US31165,"Sioux County, Nebraska",31,165,0,0,0,0,0,0,0,0,0,0,0,0,0,0,0,0,0,0,0,0,9,0,0,9,0,9,9,9,9,9,9,9,9,9,9,9,9,9
2012thru2016,050,05000US31167,"Stanton County, Nebraska",31,167,0,0,0,0,0,0,0,0,0,0,0,0,0,0,0,0,0,0,0,0,0,0,0,13,13,0,13,13,13,13,13,13,13,13,13,13,13,13
2012thru2016,050,05000US31169,"Thayer County, Nebraska",31,169,25,4,20,15,4,0,10,4,0,0,4,0,0,0,0,0,0,0,0,21,3,20,18,10,13,14,7,13,13,7,13,13,13,13,13,13,13,13
2012thru2016,050,05000US31171,"Thomas County, Nebraska",31,171,0,0,0,0,0,0,0,0,0,0,0,0,0,0,0,0,0,0,0,9,9,9,9,9,9,9,9,9,9,9,9,9,9,9,9,9,9,9
2012thru2016,050,05000US31173,"Thurston County, Nebraska",31,173,70,15,55,55,10,10,35,0,0,0,0,0,0,0,0,0,0,0,0,20,8,18,18,9,12,13,13,13,13,13,13,13,13,13,13,13,13,13
2012thru2016,050,05000US31175,"Valley County, Nebraska",31,175,55,4,55,20,4,4,10,20,20,0,0,0,0,0,0,15,15,0,0,39,5,40,22,7,10,20,31,31,9,9,9,9,9,9,22,22,9,9
2012thru2016,050,05000US31177,"Washington County, Nebraska",31,177,135,0,135,10,4,4,0,120,55,65,0,0,0,0,0,0,0,0,0,104,17,104,13,1,12,17,102,81,73,17,17,17,17,17,17,17,17,17
2012thru2016,050,05000US31179,"Wayne County, Nebraska",31,179,0,0,0,0,0,0,0,0,0,0,0,0,0,0,0,0,0,0,0,0,0,0,13,13,13,13,0,0,13,13,13,13,13,13,13,13,13,13
2012thru2016,050,05000US31181,"Webster County, Nebraska",31,181,0,0,0,0,0,0,0,0,0,0,0,0,0,0,0,0,0,0,0,0,0,0,0,0,9,9,9,9,9,9,9,9,9,9,9,9,9,9
2012thru2016,050,05000US31183,"Wheeler County, Nebraska",31,183,0,0,0,0,0,0,0,0,0,0,0,0,0,0,0,0,0,0,0,9,9,9,9,9,9,9,9,9,9,9,9,9,9,9,9,9,9,9
2012thru2016,050,05000US31185,"York County, Nebraska",31,185,80,0,80,35,10,10,15,30,30,0,0,0,0,0,0,10,0,10,0,59,15,59,32,21,14,21,47,47,15,15,15,15,15,15,14,15,14,15
2012thru2016,050,05000US32001,"Churchill County, Nevada",32,001,340,45,295,4,0,4,4,175,50,75,50,115,0,50,70,0,0,0,0,133,74,136,2,23,4,3,109,49,80,61,93,23,65,72,23,23,23,23
2012thru2016,050,05000US32003,"Clark County, Nevada",32,003,39115,1610,37510,530,190,170,170,11780,4735,5475,1570,16790,6100,6360,4330,8410,5930,1485,995,1534,283,1521,154,100,87,81,765,533,548,314,1054,540,645,588,474,333,344,283
2012thru2016,050,05000US32005,"Douglas County, Nevada",32,005,160,55,100,4,0,0,4,10,10,0,0,85,15,0,70,10,0,0,10,90,61,66,6,26,26,6,13,13,26,26,62,23,26,58,13,26,26,13
2012thru2016,050,05000US32007,"Elko County, Nevada",32,007,620,25,595,195,75,70,50,160,65,90,10,150,80,75,0,90,90,0,0,191,27,181,82,47,57,50,74,57,54,15,97,93,67,29,108,108,29,29
2012thru2016,050,05000US32009,"Esmeralda County, Nevada",32,009,65,10,50,10,0,0,10,40,10,25,0,4,4,0,0,0,0,0,0,28,15,26,13,12,12,13,22,14,20,12,10,10,12,12,12,12,12,12
2012thru2016,050,05000US32011,"Eureka County, Nevada",32,011,0,0,0,0,0,0,0,0,0,0,0,0,0,0,0,0,0,0,0,0,12,0,0,12,0,12,12,12,12,12,12,12,12,12,12,12,12,12
2012thru2016,050,05000US32013,"Humboldt County, Nevada",32,013,90,0,90,25,0,25,0,65,0,0,65,0,0,0,0,0,0,0,0,87,19,87,38,19,38,19,77,19,19,77,19,19,19,19,19,19,19,19
2012thru2016,050,05000US32015,"Lander County, Nevada",32,015,0,0,0,0,0,0,0,0,0,0,0,0,0,0,0,0,0,0,0,17,17,17,17,17,17,17,17,17,17,17,17,17,17,17,17,17,17,17
2012thru2016,050,05000US32017,"Lincoln County, Nevada",32,017,110,10,100,15,15,0,0,55,20,25,15,30,30,0,0,0,0,0,0,77,15,76,25,25,17,17,48,23,40,25,45,45,17,17,17,17,17,17
2012thru2016,050,05000US32019,"Lyon County, Nevada",32,019,350,40,310,50,40,0,10,135,0,120,10,125,75,0,50,0,0,0,0,175,66,167,61,59,29,22,105,29,104,19,109,98,29,62,29,29,29,29
2012thru2016,050,05000US32021,"Mineral County, Nevada",32,021,105,25,80,0,0,0,0,75,30,45,0,4,0,4,0,0,0,0,0,60,26,55,12,12,12,12,53,34,42,12,9,12,9,12,12,12,12,12
2012thru2016,050,05000US32023,"Nye County, Nevada",32,023,250,0,250,180,20,55,100,35,0,15,25,35,0,35,0,0,0,0,0,124,26,124,108,36,59,74,44,26,23,39,57,26,57,26,26,26,26,26
2012thru2016,050,05000US32027,"Pershing County, Nevada",32,027,95,40,50,4,0,4,0,40,25,4,4,4,4,0,0,0,0,0,0,49,34,36,11,17,11,17,31,28,11,13,12,12,17,17,17,17,17,17
2012thru2016,050,05000US32029,"Storey County, Nevada",32,029,0,0,0,0,0,0,0,0,0,0,0,0,0,0,0,0,0,0,0,12,12,12,12,12,12,12,12,12,12,12,12,12,12,12,12,12,12,12
2012thru2016,050,05000US32031,"Washoe County, Nevada",32,031,5230,555,4680,240,125,70,45,1315,900,330,85,2425,585,1065,780,700,270,250,180,590,200,591,137,87,58,57,326,296,142,64,412,211,279,259,203,172,119,104
2012thru2016,050,05000US32033,"White Pine County, Nevada",32,033,110,0,110,4,0,0,4,75,35,0,40,25,25,0,0,10,10,0,0,63,17,63,6,17,17,6,63,43,17,54,36,36,17,17,17,17,17,17
2012thru2016,050,05000US32510,"Carson City, Nevada",32,510,575,175,400,0,0,0,0,240,70,120,50,155,55,15,80,4,0,4,0,168,91,155,29,29,29,29,143,66,104,55,116,61,32,94,19,29,19,29
2012thru2016,050,05000US33001,"Belknap County, New Hampshire",33,001,330,0,330,40,40,0,0,150,25,125,0,145,70,50,20,0,0,0,0,177,26,177,64,64,26,26,110,39,104,26,103,80,59,32,26,26,26,26
2012thru2016,050,05000US33003,"Carroll County, New Hampshire",33,003,70,0,70,10,10,0,0,55,25,20,10,0,0,0,0,4,0,0,4,62,23,62,13,13,23,23,59,40,37,29,23,23,23,23,10,23,23,10
2012thru2016,050,05000US33005,"Cheshire County, New Hampshire",33,005,360,30,330,4,0,0,4,120,35,20,70,200,60,140,0,4,0,0,4,152,36,148,26,26,26,26,95,44,24,81,117,65,98,26,26,26,26,26
2012thru2016,050,05000US33007,"Coos County, New Hampshire",33,007,240,25,215,60,10,35,15,155,85,45,25,0,0,0,0,4,4,0,0,100,39,91,44,17,34,21,77,61,47,20,23,23,23,23,4,4,23,23
2012thru2016,050,05000US33009,"Grafton County, New Hampshire",33,009,495,0,495,105,40,65,0,155,40,110,4,200,145,25,35,35,20,15,0,189,26,189,109,59,94,26,106,32,98,26,108,102,28,31,31,22,22,26
2012thru2016,050,05000US33011,"Hillsborough County, New Hampshire",33,011,2885,80,2810,220,75,75,70,1250,555,475,225,1210,285,680,245,130,60,70,0,481,87,492,119,63,69,71,257,186,199,90,350,141,285,141,92,65,68,26
2012thru2016,050,05000US33013,"Merrimack County, New Hampshire",33,013,680,95,585,80,0,35,45,325,110,165,50,150,45,90,15,30,30,0,0,167,79,160,78,26,57,53,116,74,98,53,73,43,56,31,45,45,26,26
2012thru2016,050,05000US33015,"Rockingham County, New Hampshire",33,015,770,135,635,50,25,25,0,240,50,185,0,255,85,120,55,95,35,50,4,231,100,211,51,41,37,26,143,60,127,26,122,80,95,52,57,38,45,19
2012thru2016,050,05000US33017,"Strafford County, New Hampshire",33,017,1065,35,1030,60,20,35,0,470,90,315,65,430,80,170,185,70,40,10,20,302,47,303,71,40,61,26,206,86,183,77,171,71,125,123,57,47,20,32
2012thru2016,050,05000US33019,"Sullivan County, New Hampshire",33,019,390,35,355,35,0,25,10,265,75,160,30,55,45,4,10,0,0,0,0,170,44,168,46,23,42,13,161,57,129,54,48,48,23,14,23,23,23,23
2012thru2016,050,05000US34001,"Atlantic County, New Jersey",34,001,2600,105,2495,215,80,65,70,300,170,40,95,1695,720,650,330,280,35,175,70,391,78,374,119,66,54,76,129,97,63,64,299,201,200,133,132,34,115,50
2012thru2016,050,05000US34003,"Bergen County, New Jersey",34,003,4370,685,3685,180,65,95,15,860,270,405,185,1365,805,475,90,1280,565,585,130,575,224,570,104,59,84,29,243,137,160,121,330,255,168,81,312,212,201,90
2012thru2016,050,05000US34005,"Burlington County, New Jersey",34,005,2180,55,2120,70,50,15,4,345,95,115,135,1300,550,640,115,410,135,100,170,339,63,338,71,56,35,4,147,99,77,84,264,187,224,59,158,101,62,101
2012thru2016,050,05000US34007,"Camden County, New Jersey",34,007,3340,230,3110,230,100,45,80,1040,470,280,290,1465,745,540,185,370,145,165,60,435,103,424,125,70,56,66,258,187,134,157,298,218,213,129,164,100,137,58
2012thru2016,050,05000US34009,"Cape May County, New Jersey",34,009,4895,40,4855,615,10,105,500,1810,280,480,1050,1375,345,525,505,1060,325,120,615,598,45,595,149,13,71,136,371,146,194,213,302,172,191,143,233,144,66,152
2012thru2016,050,05000US34011,"Cumberland County, New Jersey",34,011,1050,215,840,65,55,0,10,150,4,135,10,580,200,275,105,45,35,10,0,301,126,283,56,53,28,16,125,2,125,12,221,126,140,93,54,52,17,28
2012thru2016,050,05000US34013,"Essex County, New Jersey",34,013,14190,3250,10940,1475,650,385,440,4760,2105,1905,745,3785,1780,1570,440,925,575,240,105,751,343,687,245,150,145,143,507,276,348,168,408,293,290,136,214,186,116,79
2012thru2016,050,05000US34015,"Gloucester County, New Jersey",34,015,1625,105,1520,55,25,0,30,350,215,50,85,880,435,295,150,235,25,35,175,308,94,311,59,37,28,45,169,137,57,74,244,172,147,84,125,40,38,120
2012thru2016,050,05000US34017,"Hudson County, New Jersey",34,017,9380,1875,7505,630,205,180,245,1540,365,710,465,2920,1225,1145,550,2415,1235,845,335,748,325,658,203,115,128,122,264,147,179,174,423,245,247,171,440,275,275,184
2012thru2016,050,05000US34019,"Hunterdon County, New Jersey",34,019,345,45,300,140,10,135,0,100,20,70,10,15,0,15,0,45,4,20,20,157,46,147,124,13,123,28,64,26,53,16,16,28,16,28,46,28,38,35
2012thru2016,050,05000US34021,"Mercer County, New Jersey",34,021,3330,210,3120,605,280,100,225,1620,660,535,425,740,575,165,0,160,60,50,45,427,101,421,165,105,66,104,318,202,184,146,245,246,120,28,97,65,63,49
2012thru2016,050,05000US34023,"Middlesex County, New Jersey",34,023,4360,545,3815,175,0,50,125,1105,625,250,225,1700,885,755,65,835,305,435,95,483,142,450,116,28,60,89,260,202,114,120,319,214,243,51,259,167,184,65
2012thru2016,050,05000US34025,"Monmouth County, New Jersey",34,025,2840,330,2510,110,35,20,50,505,380,85,40,1205,555,400,250,690,285,290,115,436,141,404,68,39,37,45,169,162,57,33,298,211,199,102,214,162,138,93
2012thru2016,050,05000US34027,"Morris County, New Jersey",34,027,2615,160,2455,40,0,40,0,240,140,85,15,1265,660,390,215,910,375,450,85,409,90,414,52,28,52,28,127,89,66,24,327,248,160,137,272,157,224,65
2012thru2016,050,05000US34029,"Ocean County, New Jersey",34,029,1370,125,1245,115,25,50,45,345,10,130,205,580,140,295,145,205,10,50,145,334,103,299,88,42,70,34,148,20,92,117,221,109,148,106,103,13,42,99
2012thru2016,050,05000US34031,"Passaic County, New Jersey",34,031,3540,645,2895,300,100,65,135,1410,370,770,275,1065,425,495,150,120,65,55,0,442,157,413,108,75,48,74,317,109,202,145,274,130,204,108,76,51,56,28
2012thru2016,050,05000US34033,"Salem County, New Jersey",34,033,505,115,390,25,25,0,0,175,25,110,45,160,110,40,10,30,30,0,0,164,73,146,41,41,28,28,81,27,69,36,105,79,45,14,47,47,28,28
2012thru2016,050,05000US34035,"Somerset County, New Jersey",34,035,2625,15,2615,25,0,0,25,1000,140,780,80,1150,475,565,110,435,120,245,70,400,23,401,41,28,28,41,261,86,248,68,293,190,207,92,172,77,139,56
2012thru2016,050,05000US34037,"Sussex County, New Jersey",34,037,705,40,665,0,0,0,0,335,100,110,125,330,160,170,0,0,0,0,0,200,27,197,28,28,28,28,141,87,79,93,120,82,108,28,28,28,28,28
2012thru2016,050,05000US34039,"Union County, New Jersey",34,039,3645,1010,2640,175,135,40,0,1000,405,435,160,1110,525,440,145,355,70,230,55,423,211,427,115,102,45,28,239,182,164,94,258,192,162,81,163,56,128,65
2012thru2016,050,05000US34041,"Warren County, New Jersey",34,041,745,45,700,130,85,15,30,540,235,200,110,30,0,30,0,0,0,0,0,219,54,221,95,82,25,45,185,134,116,76,35,28,35,28,28,28,28,28
2012thru2016,050,05000US35001,"Bernalillo County, New Mexico",35,001,8445,330,8115,525,100,245,175,3040,1870,985,185,3795,1360,1470,960,760,280,200,280,841,152,813,182,89,115,110,508,457,251,110,509,365,358,262,240,138,122,137
2012thru2016,050,05000US35003,"Catron County, New Mexico",35,003,30,10,20,4,0,4,0,20,0,15,4,0,0,0,0,0,0,0,0,21,14,18,5,11,5,11,16,11,15,3,11,11,11,11,11,11,11,11
2012thru2016,050,05000US35005,"Chaves County, New Mexico",35,005,970,225,740,80,10,0,70,255,120,50,85,335,80,120,135,75,65,0,4,265,127,219,69,13,27,66,125,87,59,70,150,76,82,104,74,73,27,10
2012thru2016,050,05000US35006,"Cibola County, New Mexico",35,006,145,10,135,15,4,4,4,75,15,55,4,45,0,25,20,0,0,0,0,64,13,64,14,21,21,10,54,21,49,21,49,21,41,35,21,21,21,21
2012thru2016,050,05000US35007,"Colfax County, New Mexico",35,007,525,35,490,120,10,35,70,200,65,90,45,90,10,75,4,80,45,10,25,144,35,140,76,14,46,58,90,62,61,33,53,13,50,4,40,32,15,23
2012thru2016,050,05000US35009,"Curry County, New Mexico",35,009,645,60,585,30,0,25,4,165,0,105,60,305,0,225,80,85,0,25,60,203,65,194,40,27,40,8,93,27,75,56,161,27,146,69,82,27,40,57
2012thru2016,050,05000US35011,"De Baca County, New Mexico",35,011,0,0,0,0,0,0,0,0,0,0,0,0,0,0,0,0,0,0,0,11,11,11,11,11,11,11,11,11,11,11,11,11,11,11,11,11,11,11
2012thru2016,050,05000US35013,"Doña Ana County, New Mexico",35,013,2465,210,2260,0,0,0,0,725,190,345,195,1095,150,425,520,435,0,185,250,554,228,514,27,27,27,27,261,142,168,130,260,72,169,154,300,27,247,192
2012thru2016,050,05000US35015,"Eddy County, New Mexico",35,015,280,140,145,0,0,0,0,50,0,30,20,80,40,35,0,15,15,0,0,167,112,105,27,27,27,27,59,27,53,33,86,62,60,27,23,23,27,27
2012thru2016,050,05000US35017,"Grant County, New Mexico",35,017,190,20,170,0,0,0,0,75,25,50,0,55,15,0,40,40,0,10,30,105,27,99,21,21,21,21,62,39,52,21,71,27,21,63,37,21,17,34
2012thru2016,050,05000US35019,"Guadalupe County, New Mexico",35,019,25,15,10,0,0,0,0,10,0,0,10,0,0,0,0,0,0,0,0,24,11,23,11,11,11,11,23,11,11,23,11,11,11,11,11,11,11,11
2012thru2016,050,05000US35021,"Harding County, New Mexico",35,021,0,0,0,0,0,0,0,0,0,0,0,0,0,0,0,0,0,0,0,0,11,0,11,11,11,11,0,11,11,0,11,11,11,11,11,11,11,11
2012thru2016,050,05000US35023,"Hidalgo County, New Mexico",35,023,35,15,20,0,0,0,0,0,0,0,0,10,10,0,0,10,0,10,0,27,21,21,11,11,11,11,11,11,11,11,13,13,11,11,13,11,13,11
2012thru2016,050,05000US35025,"Lea County, New Mexico",35,025,940,200,735,50,10,10,30,250,130,85,40,240,105,130,4,195,85,95,15,234,101,228,49,16,14,45,132,105,75,37,117,89,80,20,125,66,100,32
2012thru2016,050,05000US35027,"Lincoln County, New Mexico",35,027,570,4,565,45,0,30,15,170,15,160,0,350,115,185,50,0,0,0,0,221,5,219,54,18,45,28,135,25,135,18,171,104,122,74,18,18,18,18
2012thru2016,050,05000US35028,"Los Alamos County, New Mexico",35,028,210,20,190,40,10,30,0,120,15,30,75,0,0,0,0,35,0,0,35,112,34,110,49,19,45,18,83,29,45,66,18,18,18,18,50,18,18,50
2012thru2016,050,05000US35029,"Luna County, New Mexico",35,029,295,15,280,100,0,70,30,140,45,70,25,40,25,0,15,0,0,0,0,107,29,104,68,21,56,33,76,48,70,28,49,43,21,28,21,21,21,21
2012thru2016,050,05000US35031,"McKinley County, New Mexico",35,031,815,100,715,300,4,130,160,75,4,35,35,315,100,110,105,25,0,25,0,223,59,215,118,5,86,83,38,27,34,18,150,97,89,72,45,27,45,27
2012thru2016,050,05000US35033,"Mora County, New Mexico",35,033,35,0,35,4,0,0,4,20,0,0,20,10,10,0,0,0,0,0,0,40,11,40,3,11,11,3,38,11,11,38,15,15,11,11,11,11,11,11
2012thru2016,050,05000US35035,"Otero County, New Mexico",35,035,695,70,630,65,15,30,20,400,105,255,40,75,0,0,75,90,25,15,50,237,66,230,58,20,48,25,185,78,156,50,61,27,27,61,91,41,31,80
2012thru2016,050,05000US35037,"Quay County, New Mexico",35,037,60,25,35,4,0,4,0,30,0,0,30,0,0,0,0,0,0,0,0,64,40,46,5,16,5,16,46,16,16,46,16,16,16,16,16,16,16,16
2012thru2016,050,05000US35039,"Rio Arriba County, New Mexico",35,039,475,150,325,90,10,70,10,90,15,35,45,110,30,40,40,35,35,0,0,125,88,88,38,10,37,11,49,15,21,42,60,34,42,38,33,33,24,24
2012thru2016,050,05000US35041,"Roosevelt County, New Mexico",35,041,285,15,270,0,0,0,0,125,45,55,30,85,40,20,25,60,0,30,25,128,17,127,18,18,18,18,94,68,46,37,73,47,33,39,65,18,47,43
2012thru2016,050,05000US35043,"Sandoval County, New Mexico",35,043,570,45,525,45,4,20,25,125,25,40,60,290,90,100,95,65,25,4,35,208,72,192,30,2,19,25,79,35,43,56,138,77,53,99,74,41,15,55
2012thru2016,050,05000US35045,"San Juan County, New Mexico",35,045,1445,115,1330,115,0,30,85,365,50,220,100,730,120,465,150,120,25,0,95,317,104,304,66,27,25,62,136,51,102,74,228,90,186,108,108,43,27,97
2012thru2016,050,05000US35047,"San Miguel County, New Mexico",35,047,350,50,300,70,25,25,20,170,75,95,0,45,30,0,20,15,15,0,0,142,67,122,63,40,40,34,101,66,75,21,52,44,21,29,22,22,21,21
2012thru2016,050,05000US35049,"Santa Fe County, New Mexico",35,049,1330,50,1280,65,25,30,4,350,40,150,160,560,265,190,105,305,120,175,10,230,36,223,48,36,30,7,128,40,69,96,143,93,115,68,126,93,84,13
2012thru2016,050,05000US35051,"Sierra County, New Mexico",35,051,295,0,295,130,55,25,55,110,20,50,40,50,30,0,20,4,0,4,0,116,18,116,81,57,41,59,74,23,47,50,52,47,18,24,19,18,19,18
2012thru2016,050,05000US35053,"Socorro County, New Mexico",35,053,430,190,235,25,0,25,0,95,15,65,20,120,20,50,50,0,0,0,0,136,88,109,39,18,39,18,63,23,54,22,84,29,51,59,18,18,18,18
2012thru2016,050,05000US35055,"Taos County, New Mexico",35,055,765,10,755,35,4,30,4,145,4,120,20,315,95,200,20,265,130,130,4,201,13,200,36,4,34,24,96,2,93,19,103,59,79,25,146,105,101,8
2012thru2016,050,05000US35057,"Torrance County, New Mexico",35,057,135,0,135,15,0,10,4,115,25,20,70,10,0,0,10,0,0,0,0,81,18,81,22,18,16,10,68,23,19,61,13,18,18,13,18,18,18,18
2012thru2016,050,05000US35059,"Union County, New Mexico",35,059,35,0,35,0,0,0,0,20,0,20,4,15,0,15,0,0,0,0,0,36,11,36,11,11,11,11,31,11,31,9,23,11,23,11,11,11,11,11
2012thru2016,050,05000US35061,"Valencia County, New Mexico",35,061,515,100,415,85,20,70,0,235,65,60,110,95,45,25,25,0,0,0,0,224,86,205,70,33,64,27,154,77,74,105,91,71,43,37,27,27,27,27
2012thru2016,050,05000US36001,"Albany County, New York",36,001,2920,105,2815,565,115,265,185,1245,420,645,180,750,355,360,35,250,25,160,65,463,77,462,177,87,143,97,303,162,201,119,239,166,157,50,130,42,98,78
2012thru2016,050,05000US36003,"Allegany County, New York",36,003,300,75,225,55,25,4,25,125,45,60,20,45,35,10,0,0,0,0,0,101,53,80,39,27,24,29,64,32,53,19,36,30,14,24,24,24,24,24
2012thru2016,050,05000US36005,"Bronx County, New York",36,005,10085,530,9555,1590,755,455,380,2545,1125,970,450,4815,2715,1330,770,605,415,140,45,742,176,744,325,221,172,133,400,270,247,144,526,426,235,157,181,154,87,45
2012thru2016,050,05000US36007,"Broome County, New York",36,007,1985,35,1950,195,70,50,70,1195,410,625,160,455,235,140,85,105,4,35,65,308,35,305,94,50,51,58,263,138,216,85,169,127,100,80,79,9,41,69
2012thru2016,050,05000US36009,"Cattaraugus County, New York",36,009,595,70,520,200,40,75,85,200,90,80,25,80,35,4,45,45,20,30,0,141,36,134,86,32,36,68,81,61,54,16,70,37,3,59,51,25,45,27
2012thru2016,050,05000US36011,"Cayuga County, New York",36,011,390,35,355,80,0,4,75,265,115,105,45,10,0,10,0,0,0,0,0,145,33,141,61,27,13,60,132,91,88,49,13,27,13,27,27,27,27,27
2012thru2016,050,05000US36013,"Chautauqua County, New York",36,013,1340,165,1170,310,85,130,95,620,245,310,65,150,65,10,75,90,0,40,50,249,96,207,117,48,83,68,189,126,131,64,82,51,13,67,82,27,39,71
2012thru2016,050,05000US36015,"Chemung County, New York",36,015,730,45,685,145,0,25,120,325,110,160,55,175,20,80,75,40,0,40,0,254,49,246,92,27,38,85,170,87,126,59,117,33,78,75,65,27,65,27
2012thru2016,050,05000US36017,"Chenango County, New York",36,017,270,35,235,70,30,30,10,140,85,30,25,25,4,4,15,0,0,0,0,108,36,101,62,41,46,13,82,70,33,29,31,10,12,26,24,24,24,24
2012thru2016,050,05000US36019,"Clinton County, New York",36,019,405,10,395,90,45,0,45,175,30,70,80,130,55,45,25,0,0,0,0,147,13,148,78,65,27,44,81,37,46,63,102,93,59,30,27,27,27,27
2012thru2016,050,05000US36021,"Columbia County, New York",36,021,445,60,385,10,10,0,0,205,140,60,0,140,60,65,15,30,0,20,10,133,57,137,22,22,27,27,109,96,48,27,76,61,45,17,27,27,24,13
2012thru2016,050,05000US36023,"Cortland County, New York",36,023,275,4,275,50,0,35,15,120,50,30,35,100,100,0,0,0,0,0,0,126,24,128,59,24,56,21,85,56,39,58,79,79,24,24,24,24,24,24
2012thru2016,050,05000US36025,"Delaware County, New York",36,025,370,40,330,80,10,50,25,180,65,70,45,75,15,35,25,0,0,0,0,128,45,114,66,13,62,22,96,40,73,43,50,18,42,26,24,24,24,24
2012thru2016,050,05000US36027,"Dutchess County, New York",36,027,1820,50,1765,95,45,50,0,620,315,180,120,845,565,175,105,210,85,65,60,290,54,283,75,52,54,27,197,128,122,86,223,183,102,60,110,65,53,61
2012thru2016,050,05000US36029,"Erie County, New York",36,029,6740,2105,4635,775,25,360,390,2260,870,960,430,1455,595,720,145,145,35,65,40,663,359,561,200,35,132,144,338,235,228,173,302,216,259,103,113,58,71,61
2012thru2016,050,05000US36031,"Essex County, New York",36,031,270,0,270,30,4,15,15,135,0,105,30,90,30,55,4,15,10,0,10,94,24,94,31,9,22,16,75,24,72,26,62,42,68,24,21,13,24,14
2012thru2016,050,05000US36033,"Franklin County, New York",36,033,255,25,230,60,0,35,30,90,55,15,20,80,50,25,0,0,0,0,0,104,41,96,60,27,44,33,62,47,30,30,58,48,36,27,27,27,27,27
2012thru2016,050,05000US36035,"Fulton County, New York",36,035,325,10,320,40,0,10,30,220,80,65,75,60,50,10,0,0,0,0,0,126,13,127,47,27,16,42,127,62,82,67,57,55,17,27,27,27,27,27
2012thru2016,050,05000US36037,"Genesee County, New York",36,037,240,25,215,35,4,30,0,165,70,75,20,10,10,0,0,0,0,0,0,125,39,126,49,13,47,27,118,75,94,16,19,19,27,27,27,27,27,27
2012thru2016,050,05000US36039,"Greene County, New York",36,039,610,20,590,55,55,0,0,155,45,70,40,375,120,240,15,4,0,0,4,236,34,231,53,53,24,24,103,49,85,42,179,95,138,27,24,24,24,24
2012thru2016,050,05000US36041,"Hamilton County, New York",36,041,30,0,30,10,0,10,4,4,0,4,0,10,10,0,0,4,4,0,4,22,11,22,13,11,13,3,3,11,3,11,12,12,11,11,15,7,11,3
2012thru2016,050,05000US36043,"Herkimer County, New York",36,043,345,4,345,150,50,55,50,175,75,80,20,15,15,0,0,0,0,0,0,151,3,151,85,44,54,50,114,55,95,22,24,24,27,27,27,27,27,27
2012thru2016,050,05000US36045,"Jefferson County, New York",36,045,1495,45,1450,125,45,25,55,295,100,130,65,770,95,355,315,265,45,105,115,310,31,311,83,52,33,58,118,74,88,54,247,87,168,139,123,53,82,72
2012thru2016,050,05000US36047,"Kings County, New York",36,047,23270,1815,21455,2770,955,1255,565,4760,1655,2040,1065,9070,4350,3350,1370,4850,2880,1265,710,1092,265,1088,367,227,211,146,479,253,294,211,737,470,397,268,400,373,252,172
2012thru2016,050,05000US36049,"Lewis County, New York",36,049,180,4,175,55,25,15,15,90,20,35,35,15,0,10,10,10,0,10,0,64,10,64,35,27,15,16,47,20,24,28,24,21,15,13,13,21,13,21
2012thru2016,050,05000US36051,"Livingston County, New York",36,051,320,10,315,85,0,35,50,135,40,90,4,60,10,25,25,35,35,0,0,132,13,133,74,27,54,46,81,51,64,10,58,14,39,41,54,54,27,27
2012thru2016,050,05000US36053,"Madison County, New York",36,053,385,0,385,30,4,20,0,240,90,135,15,70,35,30,0,50,0,25,25,136,27,136,27,11,24,27,112,79,82,14,44,35,36,27,45,27,13,42
2012thru2016,050,05000US36055,"Monroe County, New York",36,055,7475,1095,6380,730,200,305,225,2635,925,1130,580,2450,1055,1050,340,565,325,170,70,653,311,590,194,123,124,105,408,237,263,172,464,293,269,207,191,177,95,64
2012thru2016,050,05000US36057,"Montgomery County, New York",36,057,410,70,340,25,0,0,25,190,25,40,125,125,15,40,75,0,0,0,0,140,71,123,27,24,24,27,82,27,33,76,98,24,46,75,24,24,24,24
2012thru2016,050,05000US36059,"Nassau County, New York",36,059,4285,260,4025,485,155,230,100,970,415,225,325,1250,445,560,250,1325,675,405,240,565,109,545,159,84,122,64,245,163,84,166,297,187,180,116,287,220,172,122
2012thru2016,050,05000US36061,"New York County, New York",36,061,27550,1065,26485,2480,1445,640,400,2545,1095,1055,395,3930,2125,1125,680,17525,13765,2775,985,1819,376,1787,559,425,245,200,442,306,306,220,615,459,310,300,1459,1246,569,320
2012thru2016,050,05000US36063,"Niagara County, New York",36,063,4220,340,3880,1795,335,770,690,1740,440,720,580,265,95,70,95,80,80,0,0,432,135,414,280,165,215,175,308,132,195,201,112,73,69,56,84,84,27,27
2012thru2016,050,05000US36065,"Oneida County, New York",36,065,1915,75,1840,550,120,280,155,950,280,450,220,300,140,120,35,35,10,25,0,337,47,333,230,91,169,91,244,119,205,101,142,96,114,32,44,14,42,27
2012thru2016,050,05000US36067,"Onondaga County, New York",36,067,4170,360,3805,565,140,295,130,1840,605,735,495,1215,290,670,250,190,75,95,20,441,144,425,193,87,152,71,302,162,179,145,250,120,192,108,91,59,72,27
2012thru2016,050,05000US36069,"Ontario County, New York",36,069,670,60,615,130,10,85,35,265,65,140,60,85,55,30,0,130,30,45,55,190,69,182,86,19,77,32,100,45,83,50,60,44,40,27,112,43,73,75
2012thru2016,050,05000US36071,"Orange County, New York",36,071,2015,320,1695,200,120,0,80,645,190,295,160,715,160,375,180,135,0,100,35,355,157,309,89,81,27,53,198,116,143,94,194,92,139,109,101,27,93,38
2012thru2016,050,05000US36073,"Orleans County, New York",36,073,85,40,45,4,0,0,4,30,30,0,0,10,10,0,0,0,0,0,0,83,69,45,24,24,24,24,41,41,24,24,21,21,24,24,24,24,24,24
2012thru2016,050,05000US36075,"Oswego County, New York",36,075,895,55,835,235,40,95,100,495,210,170,115,65,30,15,15,45,15,0,30,203,44,187,111,34,84,72,176,100,98,95,57,44,28,29,55,26,27,48
2012thru2016,050,05000US36077,"Otsego County, New York",36,077,675,90,585,75,0,10,70,280,80,95,100,175,115,60,0,55,25,4,20,200,94,185,72,27,13,63,116,57,81,70,94,78,57,27,49,37,20,33
2012thru2016,050,05000US36079,"Putnam County, New York",36,079,235,40,195,15,0,15,0,30,15,0,15,105,105,0,0,45,0,0,45,117,63,115,24,27,24,27,33,24,27,24,87,87,27,27,70,27,27,70
2012thru2016,050,05000US36081,"Queens County, New York",36,081,12340,730,11615,735,150,405,180,1750,585,750,415,5745,2370,2495,880,3385,2040,1075,270,864,222,801,245,96,190,109,305,187,222,162,554,390,346,200,440,358,274,112
2012thru2016,050,05000US36083,"Rensselaer County, New York",36,083,850,55,795,135,30,35,70,445,115,170,165,95,0,65,30,120,40,80,0,227,61,225,72,30,39,51,165,76,95,100,81,27,76,27,106,66,86,27
2012thru2016,050,05000US36085,"Richmond County, New York",36,085,3410,185,3225,520,140,310,75,890,345,365,185,1450,795,485,170,360,265,75,20,502,111,465,190,81,141,68,230,143,152,111,295,224,192,89,113,108,59,27
2012thru2016,050,05000US36087,"Rockland County, New York",36,087,1420,175,1240,110,85,0,25,190,135,40,10,515,280,160,80,430,275,90,65,288,119,239,72,60,27,34,98,89,41,19,162,111,96,73,168,130,93,56
2012thru2016,050,05000US36089,"St. Lawrence County, New York",36,089,485,25,455,40,25,15,0,210,50,115,50,110,15,4,90,90,0,20,70,156,43,146,46,41,23,27,92,52,83,55,88,18,10,89,76,27,27,75
2012thru2016,050,05000US36091,"Saratoga County, New York",36,091,1355,0,1355,120,90,0,30,355,125,145,80,420,195,175,50,465,280,70,115,347,27,347,98,79,27,36,161,94,98,74,178,118,134,59,185,173,74,102
2012thru2016,050,05000US36093,"Schenectady County, New York",36,093,1605,75,1530,275,75,110,90,930,520,225,180,300,70,230,0,25,0,10,15,282,73,282,155,62,88,71,245,162,107,95,141,71,121,27,28,27,18,25
2012thru2016,050,05000US36095,"Schoharie County, New York",36,095,145,60,80,35,4,30,4,30,15,10,4,4,0,4,0,10,0,0,10,73,53,52,46,10,43,24,20,16,13,4,10,24,10,24,19,24,24,19
2012thru2016,050,05000US36097,"Schuyler County, New York",36,097,210,4,205,40,0,30,10,45,10,35,0,105,20,15,70,10,10,0,0,79,16,76,39,18,38,14,34,19,28,18,74,15,19,65,13,13,18,18
2012thru2016,050,05000US36099,"Seneca County, New York",36,099,215,0,215,30,0,0,30,145,70,45,30,40,4,0,35,0,0,0,0,116,24,116,36,24,24,36,95,75,52,30,45,10,24,45,24,24,24,24
2012thru2016,050,05000US36101,"Steuben County, New York",36,101,550,45,500,60,40,15,10,260,90,115,55,130,55,60,15,55,0,0,55,138,50,140,52,46,17,13,99,68,78,45,78,47,59,17,58,27,27,58
2012thru2016,050,05000US36103,"Suffolk County, New York",36,103,5250,305,4945,530,155,45,330,875,300,280,290,2290,780,750,765,1250,585,370,295,596,164,568,168,106,44,131,254,146,131,131,451,243,261,217,309,224,190,141
2012thru2016,050,05000US36105,"Sullivan County, New York",36,105,1195,45,1150,130,25,50,60,380,75,85,220,595,335,180,80,45,45,0,0,247,43,240,97,39,57,56,147,78,68,108,175,140,104,64,51,51,27,27
2012thru2016,050,05000US36107,"Tioga County, New York",36,107,205,0,205,10,4,4,0,160,40,55,65,35,30,4,0,0,0,0,0,100,24,100,14,24,10,24,100,43,58,72,39,36,16,24,24,24,24,24
2012thru2016,050,05000US36109,"Tompkins County, New York",36,109,600,15,580,90,0,65,30,145,4,40,105,230,150,70,10,115,100,0,15,202,29,204,79,27,72,38,82,27,45,81,107,93,70,14,102,100,27,23
2012thru2016,050,05000US36111,"Ulster County, New York",36,111,1455,15,1440,25,4,20,0,420,120,245,55,715,440,185,90,280,55,110,115,259,27,261,36,7,39,27,148,82,112,57,193,149,104,63,161,45,123,76
2012thru2016,050,05000US36113,"Warren County, New York",36,113,700,55,640,110,50,20,45,210,40,95,70,240,50,140,50,80,0,30,45,176,62,166,89,55,33,49,104,51,74,42,111,55,107,63,77,27,41,62
2012thru2016,050,05000US36115,"Washington County, New York",36,115,270,15,255,20,0,10,4,75,20,40,15,160,15,145,0,0,0,0,0,156,27,150,18,27,14,12,75,35,62,26,116,30,114,27,27,27,27,27
2012thru2016,050,05000US36117,"Wayne County, New York",36,117,510,0,510,160,60,55,45,290,40,125,130,55,45,4,0,4,0,0,4,183,27,183,103,63,57,59,141,37,105,97,50,47,15,27,9,27,27,9
2012thru2016,050,05000US36119,"Westchester County, New York",36,119,8930,335,8590,1345,935,270,140,2205,1235,595,375,2615,1540,745,330,2430,1585,570,270,685,145,663,260,240,115,85,322,240,195,147,371,322,202,152,465,377,190,120
2012thru2016,050,05000US36121,"Wyoming County, New York",36,121,100,25,75,15,15,0,0,25,0,15,10,35,35,0,0,0,0,0,0,63,39,50,26,26,24,24,29,24,28,14,35,35,24,24,24,24,24,24
2012thru2016,050,05000US36123,"Yates County, New York",36,123,125,10,115,10,0,0,10,80,55,25,0,25,0,4,20,0,0,0,0,76,13,70,13,21,21,13,63,60,21,21,29,21,10,31,21,21,21,21
2012thru2016,050,05000US37001,"Alamance County, North Carolina",37,001,1775,295,1480,75,20,30,20,680,155,420,105,600,60,290,255,125,0,50,75,394,170,341,65,38,43,31,218,112,170,67,249,73,180,173,94,28,69,68
2012thru2016,050,05000US37003,"Alexander County, North Carolina",37,003,280,35,240,0,0,0,0,90,25,65,0,75,75,0,0,75,0,75,0,156,60,144,25,25,25,25,70,44,59,25,83,83,25,25,87,25,87,25
2012thru2016,050,05000US37005,"Alleghany County, North Carolina",37,005,135,10,125,10,0,4,10,105,10,75,25,4,0,4,0,0,0,0,0,67,13,69,14,19,19,16,67,14,62,22,17,19,17,19,19,19,19,19
2012thru2016,050,05000US37007,"Anson County, North Carolina",37,007,200,65,135,65,0,25,40,20,0,20,0,50,50,0,0,0,0,0,0,146,69,107,75,22,38,64,38,22,38,22,73,73,22,22,22,22,22,22
2012thru2016,050,05000US37009,"Ashe County, North Carolina",37,009,300,0,300,55,4,50,0,160,15,100,45,75,0,75,0,10,0,0,10,132,22,132,66,22,66,22,94,21,78,47,71,22,71,22,16,22,22,16
2012thru2016,050,05000US37011,"Avery County, North Carolina",37,011,460,55,405,25,20,0,4,85,15,40,30,80,4,60,15,215,35,155,25,97,52,97,23,21,19,9,68,18,51,41,36,2,29,19,46,20,39,25
2012thru2016,050,05000US37013,"Beaufort County, North Carolina",37,013,685,85,600,55,10,10,35,520,4,245,275,0,0,0,0,20,0,0,20,264,74,242,44,20,20,36,229,25,162,164,25,25,25,25,33,25,25,33
2012thru2016,050,05000US37015,"Bertie County, North Carolina",37,015,240,60,185,70,0,45,25,110,0,50,60,0,0,0,0,0,0,0,0,116,83,82,55,22,48,23,60,22,46,54,22,22,22,22,22,22,22,22
2012thru2016,050,05000US37017,"Bladen County, North Carolina",37,017,640,80,560,180,75,60,45,340,60,250,30,40,0,15,20,0,0,0,0,195,87,188,109,83,58,43,156,66,130,39,39,25,18,38,25,25,25,25
2012thru2016,050,05000US37019,"Brunswick County, North Carolina",37,019,2670,20,2650,175,0,35,145,685,60,260,365,640,4,245,390,1150,175,230,740,344,28,341,89,28,46,75,203,73,147,135,163,10,134,92,217,103,109,159
2012thru2016,050,05000US37021,"Buncombe County, North Carolina",37,021,1510,25,1485,150,20,55,75,390,125,135,125,605,265,205,130,345,150,75,120,402,42,398,112,23,89,66,179,112,112,88,247,159,153,97,174,119,89,89
2012thru2016,050,05000US37023,"Burke County, North Carolina",37,023,585,85,500,85,50,0,35,325,10,255,60,90,45,0,40,0,0,0,0,203,87,185,97,79,28,56,140,15,130,61,94,68,28,61,28,28,28,28
2012thru2016,050,05000US37025,"Cabarrus County, North Carolina",37,025,1625,150,1475,215,50,165,0,770,190,430,145,410,195,30,180,80,0,35,45,355,108,331,149,55,137,28,252,130,196,108,186,120,49,123,78,28,53,51
2012thru2016,050,05000US37027,"Caldwell County, North Carolina",37,027,710,20,690,215,0,185,30,435,100,300,35,0,0,0,0,40,0,40,0,255,34,255,142,28,133,42,186,80,156,60,28,28,28,28,61,28,61,28
2012thru2016,050,05000US37029,"Camden County, North Carolina",37,029,0,0,0,0,0,0,0,0,0,0,0,0,0,0,0,0,0,0,0,0,19,0,19,19,19,19,19,19,19,19,0,19,0,0,19,19,19,19
2012thru2016,050,05000US37031,"Carteret County, North Carolina",37,031,1350,115,1235,90,0,50,45,455,40,165,250,365,70,165,130,320,25,120,175,232,86,213,67,28,60,30,150,45,95,109,113,62,75,63,99,30,49,88
2012thru2016,050,05000US37033,"Caswell County, North Carolina",37,033,205,35,170,50,0,30,20,85,0,50,35,35,10,25,0,0,0,0,0,96,56,84,50,22,40,33,69,22,54,43,46,13,44,22,22,22,22,22
2012thru2016,050,05000US37035,"Catawba County, North Carolina",37,035,1355,90,1265,65,15,30,15,730,170,440,120,455,75,180,200,20,20,0,0,294,97,271,53,26,36,28,191,104,180,73,194,84,123,134,32,32,28,28
2012thru2016,050,05000US37037,"Chatham County, North Carolina",37,037,240,4,235,135,0,105,30,60,0,0,60,40,15,0,25,0,0,0,0,127,10,130,98,28,79,47,66,28,28,66,48,27,28,40,28,28,28,28
2012thru2016,050,05000US37039,"Cherokee County, North Carolina",37,039,445,10,430,145,0,60,85,255,20,75,155,35,10,4,20,0,0,0,0,172,19,174,89,22,52,76,137,27,59,125,26,14,15,23,22,22,22,22
2012thru2016,050,05000US37041,"Chowan County, North Carolina",37,041,135,0,135,0,0,0,0,25,0,25,0,110,35,75,0,0,0,0,0,102,19,102,19,19,19,19,40,19,40,19,94,52,82,19,19,19,19,19
2012thru2016,050,05000US37043,"Clay County, North Carolina",37,043,145,0,145,4,0,4,0,140,0,90,50,0,0,0,0,0,0,0,0,133,19,133,9,19,9,19,132,19,104,83,19,19,19,19,19,19,19,19
2012thru2016,050,05000US37045,"Cleveland County, North Carolina",37,045,1045,120,930,125,10,90,25,635,40,425,170,135,80,55,0,35,4,0,30,271,102,244,97,17,83,35,216,48,193,99,80,73,54,28,44,10,28,44
2012thru2016,050,05000US37047,"Columbus County, North Carolina",37,047,650,195,455,70,0,4,70,295,45,165,85,90,0,60,30,0,0,0,0,222,137,174,59,28,2,59,151,66,118,82,83,28,70,47,28,28,28,28
2012thru2016,050,05000US37049,"Craven County, North Carolina",37,049,1060,80,975,135,30,90,15,350,20,215,120,325,0,105,220,165,0,80,85,281,76,265,105,42,94,24,175,35,151,81,142,28,66,131,103,28,65,70
2012thru2016,050,05000US37051,"Cumberland County, North Carolina",37,051,5815,290,5525,220,35,115,65,1665,245,930,490,2675,540,1405,730,970,150,345,475,423,90,436,80,40,52,52,234,76,151,147,304,125,207,152,251,97,140,154
2012thru2016,050,05000US37053,"Currituck County, North Carolina",37,053,470,0,470,150,0,4,145,90,0,40,50,105,15,0,95,120,0,0,120,136,22,136,65,22,2,65,57,22,45,34,59,23,22,54,63,22,22,63
2012thru2016,050,05000US37055,"Dare County, North Carolina",37,055,2070,4,2065,135,0,4,130,545,4,25,520,690,55,115,520,700,160,40,500,383,6,383,84,25,3,85,165,4,41,154,213,59,106,180,223,112,43,171
2012thru2016,050,05000US37057,"Davidson County, North Carolina",37,057,1105,70,1035,250,15,165,70,600,135,315,150,145,0,85,60,40,0,40,0,265,57,259,113,28,104,68,191,114,152,100,125,28,98,87,65,28,65,28
2012thru2016,050,05000US37059,"Davie County, North Carolina",37,059,355,0,355,60,4,40,15,260,55,180,30,35,0,35,0,0,0,0,0,170,25,170,63,10,59,22,149,62,138,43,52,25,52,25,25,25,25,25
2012thru2016,050,05000US37061,"Duplin County, North Carolina",37,061,635,195,440,65,0,30,35,295,30,150,120,75,0,55,20,0,0,0,0,206,132,179,51,28,24,39,157,38,112,102,75,28,69,34,28,28,28,28
2012thru2016,050,05000US37063,"Durham County, North Carolina",37,063,3465,375,3090,485,215,200,70,1235,290,760,190,1100,425,350,330,270,125,115,30,513,183,497,156,108,115,57,269,165,213,102,325,201,169,175,145,82,97,50
2012thru2016,050,05000US37065,"Edgecombe County, North Carolina",37,065,815,340,475,160,65,75,20,280,75,105,100,35,35,0,0,0,0,0,0,240,161,155,94,70,60,25,139,86,82,86,44,44,28,28,28,28,28,28
2012thru2016,050,05000US37067,"Forsyth County, North Carolina",37,067,5665,465,5200,490,125,290,75,2610,525,1685,400,1780,380,850,550,315,60,75,180,694,194,652,140,94,93,61,509,177,378,178,362,169,254,207,144,67,59,123
2012thru2016,050,05000US37069,"Franklin County, North Carolina",37,069,355,4,350,190,25,130,35,165,0,110,55,0,0,0,0,0,0,0,0,173,3,173,124,39,109,39,117,28,84,82,28,28,28,28,28,28,28,28
2012thru2016,050,05000US37071,"Gaston County, North Carolina",37,071,2250,110,2140,675,50,480,145,1240,285,835,125,225,110,50,65,0,0,0,0,332,88,321,162,44,143,97,274,113,227,83,114,78,53,49,28,28,28,28
2012thru2016,050,05000US37073,"Gates County, North Carolina",37,073,0,0,0,0,0,0,0,0,0,0,0,0,0,0,0,0,0,0,0,0,0,0,0,19,19,0,19,19,19,19,19,19,19,19,19,19,19,19
2012thru2016,050,05000US37075,"Graham County, North Carolina",37,075,150,25,125,75,20,30,25,50,0,4,40,0,0,0,0,0,0,0,0,62,29,55,44,26,21,26,35,17,15,33,17,17,17,17,17,17,17,17
2012thru2016,050,05000US37077,"Granville County, North Carolina",37,077,300,35,270,20,20,0,0,180,0,110,70,30,0,4,25,40,40,0,0,158,36,157,33,33,28,28,121,28,111,74,39,28,9,41,68,68,28,28
2012thru2016,050,05000US37079,"Greene County, North Carolina",37,079,90,10,80,25,4,20,0,55,0,10,50,0,0,0,0,0,0,0,0,49,15,47,27,22,28,22,41,22,12,39,22,22,22,22,22,22,22,22
2012thru2016,050,05000US37081,"Guilford County, North Carolina",37,081,8475,555,7920,850,75,385,385,3490,840,2080,570,3095,1140,1390,565,485,135,160,185,772,164,737,243,69,151,170,425,251,356,215,548,353,337,191,191,93,120,127
2012thru2016,050,05000US37083,"Halifax County, North Carolina",37,083,430,235,195,70,0,60,10,95,25,60,10,30,0,0,30,0,0,0,0,123,123,106,59,28,59,13,74,43,57,14,45,28,28,45,28,28,28,28
2012thru2016,050,05000US37085,"Harnett County, North Carolina",37,085,1235,165,1070,65,0,20,50,640,105,290,240,265,55,100,110,100,0,0,100,293,89,270,52,28,23,47,165,58,94,140,144,74,63,93,88,28,28,88
2012thru2016,050,05000US37087,"Haywood County, North Carolina",37,087,580,60,525,0,0,0,0,310,50,135,125,110,0,100,10,105,25,35,45,168,56,148,28,28,28,28,122,49,88,99,84,28,82,16,74,42,34,51
2012thru2016,050,05000US37089,"Henderson County, North Carolina",37,089,315,15,300,0,0,0,0,210,65,115,30,40,25,15,0,50,35,0,15,120,24,124,28,28,28,28,124,72,95,39,47,39,29,28,45,39,28,20
2012thru2016,050,05000US37091,"Hertford County, North Carolina",37,091,270,20,250,80,4,65,10,145,30,90,30,20,4,15,0,4,4,0,0,91,15,90,39,16,36,15,80,25,74,22,16,22,16,22,4,4,22,22
2012thru2016,050,05000US37093,"Hoke County, North Carolina",37,093,450,15,435,105,15,45,45,125,0,40,80,115,0,25,90,90,0,45,50,136,27,133,68,24,45,43,69,28,41,57,68,28,40,63,71,28,52,53
2012thru2016,050,05000US37095,"Hyde County, North Carolina",37,095,115,0,115,0,0,0,0,40,20,0,20,0,0,0,0,70,50,20,0,95,17,95,17,17,17,17,50,36,17,34,17,17,17,17,85,77,37,17
2012thru2016,050,05000US37097,"Iredell County, North Carolina",37,097,1550,165,1385,310,45,185,75,710,200,315,195,325,95,55,170,45,0,0,45,317,123,302,155,58,120,64,221,121,151,113,154,90,45,114,52,28,28,52
2012thru2016,050,05000US37099,"Jackson County, North Carolina",37,099,505,80,425,10,0,4,4,210,45,165,0,200,125,75,0,4,4,0,0,193,67,186,13,25,25,7,122,42,114,25,125,104,66,25,9,9,25,25
2012thru2016,050,05000US37101,"Johnston County, North Carolina",37,101,1280,80,1200,625,200,200,225,410,0,295,110,140,0,35,105,20,20,0,0,307,62,311,209,112,99,147,190,28,169,86,122,28,50,116,37,37,28,28
2012thru2016,050,05000US37103,"Jones County, North Carolina",37,103,75,10,65,10,0,10,0,30,0,10,20,20,0,0,20,0,0,0,0,47,18,43,13,19,13,19,31,19,18,26,24,19,19,24,19,19,19,19
2012thru2016,050,05000US37105,"Lee County, North Carolina",37,105,655,55,600,190,20,130,45,200,10,95,95,205,35,50,125,0,0,0,0,208,67,205,122,31,95,52,109,13,67,85,117,51,57,89,28,28,28,28
2012thru2016,050,05000US37107,"Lenoir County, North Carolina",37,107,940,320,620,65,15,10,40,480,60,275,145,75,0,25,50,0,0,0,0,229,120,185,46,26,18,36,169,58,152,78,63,28,37,53,28,28,28,28
2012thru2016,050,05000US37109,"Lincoln County, North Carolina",37,109,430,35,395,0,0,0,0,220,25,195,0,90,0,60,35,85,25,30,30,160,55,154,28,28,28,28,125,41,133,28,80,28,55,56,69,39,46,34
2012thru2016,050,05000US37111,"McDowell County, North Carolina",37,111,435,20,420,20,0,0,20,370,0,230,140,0,0,0,0,25,25,0,0,165,32,159,39,25,25,39,149,25,132,86,25,25,25,25,40,40,25,25
2012thru2016,050,05000US37113,"Macon County, North Carolina",37,113,260,20,235,25,25,0,0,80,25,55,0,100,0,40,55,30,0,25,4,126,39,114,40,40,25,25,58,43,61,25,83,25,62,57,41,25,41,7
2012thru2016,050,05000US37115,"Madison County, North Carolina",37,115,40,0,40,20,4,15,4,15,4,10,0,4,0,4,0,0,0,0,0,26,22,26,22,12,23,5,19,3,15,22,6,22,6,22,22,22,22,22
2012thru2016,050,05000US37117,"Martin County, North Carolina",37,117,455,35,420,190,0,120,65,190,0,120,70,45,0,45,0,0,0,0,0,170,43,166,144,22,118,78,112,22,91,68,48,22,48,22,22,22,22,22
2012thru2016,050,05000US37119,"Mecklenburg County, North Carolina",37,119,9180,505,8675,460,30,350,80,3365,705,1460,1200,3810,1360,1460,990,1040,455,440,140,976,189,923,160,34,144,63,529,222,321,273,638,327,424,273,278,173,196,119
2012thru2016,050,05000US37121,"Mitchell County, North Carolina",37,121,240,80,160,35,0,35,0,80,0,65,10,0,0,0,0,45,0,45,0,117,79,94,52,19,52,19,58,19,59,20,19,19,19,19,70,19,70,19
2012thru2016,050,05000US37123,"Montgomery County, North Carolina",37,123,225,0,225,75,0,75,0,85,25,25,40,35,30,4,0,30,0,0,30,121,22,121,81,22,81,22,56,41,25,35,48,46,9,22,50,22,22,50
2012thru2016,050,05000US37125,"Moore County, North Carolina",37,125,1080,140,945,185,0,100,80,415,90,210,115,295,90,20,185,50,35,10,0,300,114,268,149,28,114,93,174,83,128,94,154,101,23,120,50,47,22,28
2012thru2016,050,05000US37127,"Nash County, North Carolina",37,127,1080,550,530,155,0,70,80,160,40,10,110,215,65,100,50,0,0,0,0,307,203,205,121,28,75,91,96,65,15,83,140,75,98,72,28,28,28,28
2012thru2016,050,05000US37129,"New Hanover County, North Carolina",37,129,3030,165,2865,160,75,65,20,1075,220,700,155,1370,310,570,485,265,70,75,120,487,95,473,127,91,64,35,298,164,252,115,354,183,232,218,113,58,65,80
2012thru2016,050,05000US37131,"Northampton County, North Carolina",37,131,155,20,135,50,0,25,20,90,0,45,45,0,0,0,0,0,0,0,0,69,20,69,42,22,31,28,63,22,38,50,22,22,22,22,22,22,22,22
2012thru2016,050,05000US37133,"Onslow County, North Carolina",37,133,3830,85,3750,445,0,195,250,935,40,570,325,1475,280,580,615,890,95,235,565,581,89,566,270,28,147,228,262,43,215,140,386,216,273,242,294,76,203,203
2012thru2016,050,05000US37135,"Orange County, North Carolina",37,135,1280,20,1265,220,0,70,150,510,165,205,140,400,130,190,80,135,35,35,65,328,32,326,131,28,69,122,232,137,138,99,174,101,126,65,92,43,41,57
2012thru2016,050,05000US37137,"Pamlico County, North Carolina",37,137,150,10,140,50,0,25,25,55,0,10,45,25,0,15,10,10,0,0,10,74,14,72,54,19,35,40,44,19,13,43,26,19,19,21,13,19,19,13
2012thru2016,050,05000US37139,"Pasquotank County, North Carolina",37,139,480,60,415,15,15,0,0,205,20,65,120,195,75,15,105,0,0,0,0,143,56,142,18,18,25,25,93,24,58,74,102,60,27,85,25,25,25,25
2012thru2016,050,05000US37141,"Pender County, North Carolina",37,141,550,70,480,0,0,0,0,130,4,95,35,145,0,10,135,205,25,40,140,173,64,162,28,28,28,28,84,28,78,37,92,28,12,91,88,30,34,75
2012thru2016,050,05000US37143,"Perquimans County, North Carolina",37,143,185,35,155,0,0,0,0,25,10,0,15,80,10,35,30,50,0,50,0,118,38,112,19,19,19,19,29,19,19,25,78,17,59,52,77,19,77,19
2012thru2016,050,05000US37145,"Person County, North Carolina",37,145,260,25,235,65,0,4,60,140,0,55,90,30,0,30,0,0,0,0,0,142,41,139,69,25,3,67,102,25,63,87,48,25,48,25,25,25,25,25
2012thru2016,050,05000US37147,"Pitt County, North Carolina",37,147,2400,150,2255,320,30,100,190,1365,390,635,340,420,30,170,220,150,30,50,65,480,114,480,154,43,71,124,395,237,258,167,208,37,126,159,136,51,78,80
2012thru2016,050,05000US37149,"Polk County, North Carolina",37,149,155,0,155,25,25,0,0,55,0,50,4,55,15,35,0,25,0,15,10,61,22,61,28,28,22,22,45,22,46,22,45,29,37,22,26,22,22,13
2012thru2016,050,05000US37151,"Randolph County, North Carolina",37,151,980,60,920,115,4,35,80,675,75,530,70,105,15,45,45,30,0,30,0,291,50,285,110,3,39,92,220,67,212,66,91,27,69,54,43,28,43,28
2012thru2016,050,05000US37153,"Richmond County, North Carolina",37,153,305,30,275,145,35,25,85,130,85,45,0,0,0,0,0,0,0,0,0,118,38,116,88,45,42,79,79,74,52,25,25,25,25,25,25,25,25,25
2012thru2016,050,05000US37155,"Robeson County, North Carolina",37,155,1060,20,1045,310,35,85,190,630,35,360,235,75,20,20,30,30,0,25,4,152,17,154,92,29,39,76,138,25,113,78,36,25,14,25,22,28,21,13
2012thru2016,050,05000US37157,"Rockingham County, North Carolina",37,157,1195,90,1110,145,50,20,75,755,75,540,140,210,0,175,35,0,0,0,0,319,64,303,88,56,32,67,260,59,225,93,131,28,120,53,28,28,28,28
2012thru2016,050,05000US37159,"Rowan County, North Carolina",37,159,1195,215,980,150,0,50,100,560,110,310,140,200,60,90,45,75,75,0,0,276,96,246,84,28,40,76,184,84,129,94,129,74,70,54,71,71,28,28
2012thru2016,050,05000US37161,"Rutherford County, North Carolina",37,161,965,200,765,260,30,135,95,430,4,310,115,45,0,4,40,30,20,10,0,276,144,266,170,46,136,80,198,19,155,112,48,28,5,47,25,23,12,28
2012thru2016,050,05000US37163,"Sampson County, North Carolina",37,163,390,35,355,120,15,20,85,205,15,95,95,30,10,10,10,0,0,0,0,187,27,182,107,19,26,101,142,18,95,99,28,14,13,14,28,28,28,28
2012thru2016,050,05000US37165,"Scotland County, North Carolina",37,165,160,0,160,45,4,20,25,55,4,40,10,60,0,50,10,0,0,0,0,64,25,64,39,4,20,34,34,4,32,16,42,25,39,17,25,25,25,25
2012thru2016,050,05000US37167,"Stanly County, North Carolina",37,167,475,125,350,60,40,15,4,200,75,115,10,35,0,0,35,55,0,55,0,179,87,161,65,62,17,21,123,89,104,13,53,28,28,53,61,28,61,28
2012thru2016,050,05000US37169,"Stokes County, North Carolina",37,169,330,0,330,120,0,35,85,120,0,85,30,90,10,30,50,0,0,0,0,171,25,171,100,25,56,84,97,25,85,49,85,19,48,79,25,25,25,25
2012thru2016,050,05000US37171,"Surry County, North Carolina",37,171,1155,235,920,330,0,170,160,420,80,230,110,100,40,35,20,75,20,20,35,253,115,225,133,28,94,103,138,68,105,69,67,40,45,33,70,37,35,52
2012thru2016,050,05000US37173,"Swain County, North Carolina",37,173,205,15,195,85,0,55,30,85,15,40,30,25,0,0,25,0,0,0,0,90,23,87,64,19,42,45,51,18,36,32,38,19,19,38,19,19,19,19
2012thru2016,050,05000US37175,"Transylvania County, North Carolina",37,175,240,40,200,105,0,105,0,10,0,0,10,85,0,35,55,0,0,0,0,132,63,126,109,25,109,25,20,25,25,20,70,25,49,53,25,25,25,25
2012thru2016,050,05000US37177,"Tyrrell County, North Carolina",37,177,0,0,0,0,0,0,0,0,0,0,0,0,0,0,0,0,0,0,0,0,12,0,12,12,12,12,0,12,0,12,12,12,12,12,12,12,12,12
2012thru2016,050,05000US37179,"Union County, North Carolina",37,179,375,55,320,45,20,4,15,145,20,25,100,105,0,15,90,25,0,0,25,147,58,141,45,37,16,24,94,34,41,79,84,28,23,78,50,28,28,50
2012thru2016,050,05000US37181,"Vance County, North Carolina",37,181,335,165,170,30,10,20,0,60,40,20,0,70,25,45,0,10,0,10,0,123,72,109,39,13,38,25,61,68,32,25,85,41,73,25,16,25,16,25
2012thru2016,050,05000US37183,"Wake County, North Carolina",37,183,7920,275,7640,345,0,150,195,3675,905,1635,1135,3145,1310,1175,660,475,325,100,55,845,138,823,174,28,116,122,607,267,390,378,533,358,350,271,178,166,95,58
2012thru2016,050,05000US37185,"Warren County, North Carolina",37,185,60,0,60,25,20,10,0,30,0,20,10,4,0,4,0,0,0,0,0,46,22,46,30,31,14,22,33,22,33,15,9,22,9,22,22,22,22,22
2012thru2016,050,05000US37187,"Washington County, North Carolina",37,187,65,0,65,30,0,4,20,35,0,35,0,0,0,0,0,0,0,0,0,68,19,68,35,19,12,30,54,19,54,19,19,19,19,19,19,19,19,19
2012thru2016,050,05000US37189,"Watauga County, North Carolina",37,189,1120,60,1060,80,0,0,80,290,80,145,60,395,110,155,135,295,25,140,130,271,74,258,80,28,28,80,144,86,121,40,160,91,101,93,114,38,84,80
2012thru2016,050,05000US37191,"Wayne County, North Carolina",37,191,1155,155,1000,265,0,190,75,525,100,170,255,195,0,135,65,15,0,15,0,323,102,328,154,28,130,74,226,75,112,163,131,28,103,77,24,28,24,28
2012thru2016,050,05000US37193,"Wilkes County, North Carolina",37,193,690,90,600,180,0,90,95,375,70,185,115,15,0,15,0,35,0,35,0,230,104,214,104,28,71,78,179,79,135,112,21,28,21,28,53,28,53,28
2012thru2016,050,05000US37195,"Wilson County, North Carolina",37,195,520,90,435,65,0,65,0,280,30,215,35,90,35,45,10,0,0,0,0,201,70,178,70,28,70,28,135,27,130,32,87,58,68,14,28,28,28,28
2012thru2016,050,05000US37197,"Yadkin County, North Carolina",37,197,555,45,510,300,40,40,220,185,30,65,90,25,0,0,25,0,0,0,0,197,47,195,160,62,41,134,103,41,50,79,41,25,25,41,25,25,25,25
2012thru2016,050,05000US37199,"Yancey County, North Carolina",37,199,145,30,115,65,0,20,50,15,0,15,0,35,4,25,0,0,0,0,0,84,46,73,57,19,24,56,22,19,22,19,33,14,31,19,19,19,19,19
2012thru2016,050,05000US38001,"Adams County, North Dakota",38,001,0,0,0,0,0,0,0,0,0,0,0,0,0,0,0,0,0,0,0,9,9,9,9,9,9,9,9,9,9,9,9,9,9,9,9,9,9,9
2012thru2016,050,05000US38003,"Barnes County, North Dakota",38,003,70,30,40,10,0,0,10,30,4,20,4,0,0,0,0,0,0,0,0,52,37,37,20,14,14,20,33,10,33,14,14,14,14,14,14,14,14,14
2012thru2016,050,05000US38005,"Benson County, North Dakota",38,005,75,4,70,45,15,20,4,25,20,4,4,4,4,4,4,0,0,0,0,23,12,23,18,10,15,14,17,14,3,3,5,1,5,4,12,12,12,12
2012thru2016,050,05000US38007,"Billings County, North Dakota",38,007,0,0,0,0,0,0,0,0,0,0,0,0,0,0,0,0,0,0,0,0,9,0,0,9,0,9,9,9,9,9,9,9,9,9,9,9,9,9
2012thru2016,050,05000US38009,"Bottineau County, North Dakota",38,009,50,0,50,30,0,20,4,15,10,4,0,10,0,0,10,0,0,0,0,44,12,44,37,12,38,11,15,13,12,12,14,12,12,14,12,12,12,12
2012thru2016,050,05000US38011,"Bowman County, North Dakota",38,011,35,0,35,10,4,10,0,20,20,0,0,0,0,0,0,4,0,4,0,28,9,28,16,2,13,9,21,21,9,9,9,9,9,9,12,9,12,9
2012thru2016,050,05000US38013,"Burke County, North Dakota",38,013,30,4,25,15,4,4,4,15,4,0,10,0,0,0,0,0,0,0,0,21,9,22,13,9,12,8,16,10,9,14,9,9,9,9,9,9,9,9
2012thru2016,050,05000US38015,"Burleigh County, North Dakota",38,015,535,0,535,105,35,0,65,245,65,180,0,155,30,85,35,35,35,0,0,191,20,191,101,44,20,91,156,82,133,20,115,38,90,61,57,57,20,20
2012thru2016,050,05000US38017,"Cass County, North Dakota",38,017,1550,185,1365,275,185,75,15,640,90,520,30,220,55,65,105,230,135,100,0,444,194,413,149,142,67,23,230,80,221,49,132,92,71,91,240,215,112,20
2012thru2016,050,05000US38019,"Cavalier County, North Dakota",38,019,40,0,40,25,0,15,10,15,15,0,0,0,0,0,0,0,0,0,0,32,9,32,26,9,27,14,14,14,9,9,9,9,9,9,9,9,9,9
2012thru2016,050,05000US38021,"Dickey County, North Dakota",38,021,55,0,55,25,0,20,4,30,4,25,4,0,0,0,0,0,0,0,0,32,12,32,16,12,16,9,25,11,24,12,12,12,12,12,12,12,12,12
2012thru2016,050,05000US38023,"Divide County, North Dakota",38,023,0,0,0,0,0,0,0,0,0,0,0,0,0,0,0,0,0,0,0,0,0,0,0,9,0,9,9,9,9,9,9,9,9,9,9,9,9,9
2012thru2016,050,05000US38025,"Dunn County, North Dakota",38,025,30,4,25,4,4,0,0,0,0,0,0,10,4,4,4,10,10,0,0,16,2,19,10,10,9,9,9,9,9,9,17,6,7,9,12,12,9,9
2012thru2016,050,05000US38027,"Eddy County, North Dakota",38,027,35,0,35,35,10,25,0,0,0,0,0,0,0,0,0,0,0,0,0,24,9,24,24,13,21,9,9,9,9,9,9,9,9,9,9,9,9,9
2012thru2016,050,05000US38029,"Emmons County, North Dakota",38,029,35,0,35,20,0,10,10,15,10,0,4,0,0,0,0,0,0,0,0,28,9,28,23,9,19,14,17,13,9,10,9,9,9,9,9,9,9,9
2012thru2016,050,05000US38031,"Foster County, North Dakota",38,031,0,0,0,0,0,0,0,0,0,0,0,0,0,0,0,0,0,0,0,0,9,0,9,9,9,9,0,9,0,9,9,9,9,9,9,9,9,9
2012thru2016,050,05000US38033,"Golden Valley County, North Dakota",38,033,25,0,25,0,0,0,0,25,15,10,0,0,0,0,0,0,0,0,0,27,9,27,9,9,9,9,27,23,14,9,9,9,9,9,9,9,9,9
2012thru2016,050,05000US38035,"Grand Forks County, North Dakota",38,035,975,80,895,155,0,105,45,420,100,270,50,300,25,170,100,25,25,0,0,251,37,250,76,20,61,37,191,72,152,43,149,38,135,62,40,40,20,20
2012thru2016,050,05000US38037,"Grant County, North Dakota",38,037,20,0,20,20,10,4,4,0,0,0,0,0,0,0,0,0,0,0,0,18,9,18,18,12,12,11,9,9,9,9,9,9,9,9,9,9,9,9
2012thru2016,050,05000US38039,"Griggs County, North Dakota",38,039,0,0,0,0,0,0,0,0,0,0,0,0,0,0,0,0,0,0,0,0,9,0,0,0,9,9,9,9,9,9,9,9,9,9,9,9,9,9
2012thru2016,050,05000US38041,"Hettinger County, North Dakota",38,041,45,10,40,4,4,0,0,10,10,4,0,20,20,0,0,0,0,0,0,24,14,24,10,10,9,9,15,16,5,9,15,15,9,9,9,9,9,9
2012thru2016,050,05000US38043,"Kidder County, North Dakota",38,043,25,4,20,15,4,0,10,4,4,0,0,0,0,0,0,0,0,0,0,19,7,18,15,9,9,15,11,11,9,9,9,9,9,9,9,9,9,9
2012thru2016,050,05000US38045,"LaMoure County, North Dakota",38,045,20,0,20,20,20,0,0,0,0,0,0,0,0,0,0,0,0,0,0,16,9,16,16,16,9,9,9,9,9,9,9,9,9,9,9,9,9,9
2012thru2016,050,05000US38047,"Logan County, North Dakota",38,047,0,0,0,0,0,0,0,0,0,0,0,0,0,0,0,0,0,0,0,0,9,0,0,9,0,0,9,9,9,9,9,9,9,9,9,9,9,9
2012thru2016,050,05000US38049,"McHenry County, North Dakota",38,049,45,0,45,25,4,4,15,15,0,10,4,4,0,0,4,0,0,0,0,32,12,32,27,19,12,23,17,12,14,11,10,12,12,10,12,12,12,12
2012thru2016,050,05000US38051,"McIntosh County, North Dakota",38,051,75,0,75,70,40,20,10,10,10,0,0,0,0,0,0,0,0,0,0,33,9,33,32,28,17,13,13,13,9,9,9,9,9,9,9,9,9,9
2012thru2016,050,05000US38053,"McKenzie County, North Dakota",38,053,65,4,65,40,25,4,10,10,10,0,0,4,4,0,0,15,0,0,15,37,14,38,34,30,8,16,13,13,14,14,3,3,14,14,16,14,14,16
2012thru2016,050,05000US38055,"McLean County, North Dakota",38,055,45,0,45,20,0,4,15,30,4,15,4,0,0,0,0,0,0,0,0,31,12,31,17,12,8,16,23,10,19,10,12,12,12,12,12,12,12,12
2012thru2016,050,05000US38057,"Mercer County, North Dakota",38,057,70,0,70,40,4,10,25,30,4,25,0,0,0,0,0,0,0,0,0,50,12,50,39,13,14,36,35,6,34,12,12,12,12,12,12,12,12,12
2012thru2016,050,05000US38059,"Morton County, North Dakota",38,059,65,0,65,10,0,0,10,45,4,40,0,10,10,0,0,0,0,0,0,70,16,70,14,16,16,14,70,10,68,16,14,14,16,16,16,16,16,16
2012thru2016,050,05000US38061,"Mountrail County, North Dakota",38,061,175,4,170,35,4,20,10,40,15,20,4,75,10,60,0,30,4,4,15,51,2,51,23,15,22,13,30,21,22,2,42,13,39,12,26,6,8,23
2012thru2016,050,05000US38063,"Nelson County, North Dakota",38,063,25,0,25,20,4,10,0,4,4,0,0,0,0,0,0,0,0,0,0,17,9,17,17,14,12,9,14,14,9,9,9,9,9,9,9,9,9,9
2012thru2016,050,05000US38065,"Oliver County, North Dakota",38,065,25,0,25,15,0,4,4,15,10,4,0,0,0,0,0,0,0,0,0,19,9,19,16,9,11,11,17,16,9,9,9,9,9,9,9,9,9,9
2012thru2016,050,05000US38067,"Pembina County, North Dakota",38,067,85,30,60,20,0,4,15,40,15,20,4,0,0,0,0,0,0,0,0,37,26,25,19,12,5,17,24,17,21,4,12,12,12,12,12,12,12,12
2012thru2016,050,05000US38069,"Pierce County, North Dakota",38,069,0,0,0,0,0,0,0,0,0,0,0,0,0,0,0,0,0,0,0,0,9,0,0,9,9,0,9,9,9,9,9,9,9,9,9,9,9,9
2012thru2016,050,05000US38071,"Ramsey County, North Dakota",38,071,185,0,185,115,65,50,4,70,70,0,4,0,0,0,0,0,0,0,0,107,14,107,76,54,51,4,74,74,14,3,14,14,14,14,14,14,14,14
2012thru2016,050,05000US38073,"Ransom County, North Dakota",38,073,0,0,0,0,0,0,0,0,0,0,0,0,0,0,0,0,0,0,0,0,12,0,0,0,0,12,12,12,12,12,12,12,12,12,12,12,12,12
2012thru2016,050,05000US38075,"Renville County, North Dakota",38,075,30,0,30,15,4,10,0,15,15,0,0,0,0,0,0,0,0,0,0,20,9,20,14,10,13,9,14,14,9,9,9,9,9,9,9,9,9,9
2012thru2016,050,05000US38077,"Richland County, North Dakota",38,077,260,4,260,170,50,85,40,80,15,55,10,10,0,10,0,0,0,0,0,89,14,88,84,49,61,47,64,19,60,13,14,14,14,14,14,14,14,14
2012thru2016,050,05000US38079,"Rolette County, North Dakota",38,079,100,0,100,85,25,35,30,15,0,0,15,0,0,0,0,0,0,0,0,48,14,48,46,22,31,27,14,14,14,14,14,14,14,14,14,14,14,14
2012thru2016,050,05000US38081,"Sargent County, North Dakota",38,081,50,0,50,15,4,4,0,35,30,4,0,0,0,0,0,0,0,0,0,21,9,21,16,12,12,9,17,15,14,9,9,9,9,9,9,9,9,9
2012thru2016,050,05000US38083,"Sheridan County, North Dakota",38,083,0,0,0,0,0,0,0,0,0,0,0,0,0,0,0,0,0,0,0,9,9,9,9,9,9,9,9,9,9,9,9,9,9,9,9,9,9,9
2012thru2016,050,05000US38085,"Sioux County, North Dakota",38,085,15,4,15,15,10,4,4,0,0,0,0,0,0,0,0,0,0,0,0,9,9,15,15,12,9,3,9,9,9,9,9,9,9,9,9,9,9,9
2012thru2016,050,05000US38087,"Slope County, North Dakota",38,087,0,0,0,0,0,0,0,0,0,0,0,0,0,0,0,0,0,0,0,0,9,0,0,9,0,9,9,9,9,9,9,9,9,9,9,9,9,9
2012thru2016,050,05000US38089,"Stark County, North Dakota",38,089,660,0,660,40,35,4,0,205,60,95,55,170,35,75,60,245,35,70,140,210,16,210,55,56,10,16,106,41,86,49,106,56,73,54,145,27,74,112
2012thru2016,050,05000US38091,"Steele County, North Dakota",38,091,0,0,0,0,0,0,0,0,0,0,0,0,0,0,0,0,0,0,0,0,9,0,0,0,9,9,0,9,0,9,9,9,9,9,9,9,9,9
2012thru2016,050,05000US38093,"Stutsman County, North Dakota",38,093,170,0,170,165,4,75,80,0,0,0,0,0,0,0,0,10,0,10,0,121,16,121,120,12,80,88,16,16,16,16,16,16,16,16,13,16,13,16
2012thru2016,050,05000US38095,"Towner County, North Dakota",38,095,50,0,50,35,15,10,10,15,10,0,4,0,0,0,0,0,0,0,0,30,9,30,28,17,17,14,16,14,9,6,9,9,9,9,9,9,9,9
2012thru2016,050,05000US38097,"Traill County, North Dakota",38,097,135,20,120,65,15,45,0,45,20,10,15,0,0,0,0,10,0,10,0,55,23,54,37,21,31,12,30,18,15,17,12,12,12,12,13,12,13,12
2012thru2016,050,05000US38099,"Walsh County, North Dakota",38,099,120,0,120,30,0,30,0,90,65,0,30,0,0,0,0,0,0,0,0,69,14,69,28,14,28,14,68,58,14,42,14,14,14,14,14,14,14,14
2012thru2016,050,05000US38101,"Ward County, North Dakota",38,101,1275,0,1275,130,0,75,55,315,90,105,115,585,135,215,235,245,0,90,155,334,20,334,129,20,93,87,160,88,87,101,236,103,149,145,152,20,103,112
2012thru2016,050,05000US38103,"Wells County, North Dakota",38,103,50,0,50,45,40,4,0,4,4,0,0,0,0,0,0,0,0,0,0,46,9,46,45,43,10,9,2,2,9,9,9,9,9,9,9,9,9,9
2012thru2016,050,05000US38105,"Williams County, North Dakota",38,105,925,4,920,45,10,35,0,175,55,85,40,445,150,225,65,250,0,120,130,365,9,366,48,14,45,18,132,87,76,44,287,134,230,70,194,18,127,147
2012thru2016,050,05000US39001,"Adams County, Ohio",39,001,210,40,170,85,15,0,70,85,30,25,30,0,0,0,0,0,0,0,0,104,42,93,59,24,21,53,69,40,23,54,21,21,21,21,21,21,21,21
2012thru2016,050,05000US39003,"Allen County, Ohio",39,003,795,175,620,135,35,95,4,370,45,115,210,110,40,45,20,0,0,0,0,197,95,166,85,38,72,17,128,45,73,102,72,37,53,37,27,27,27,27
2012thru2016,050,05000US39005,"Ashland County, Ohio",39,005,250,30,225,105,85,15,4,115,4,115,0,0,0,0,0,0,0,0,0,126,31,122,87,85,20,10,85,2,84,27,27,27,27,27,27,27,27,27
2012thru2016,050,05000US39007,"Ashtabula County, Ohio",39,007,850,205,645,175,0,90,90,285,170,50,70,150,120,20,10,30,20,10,0,250,115,209,117,27,79,87,123,100,46,63,97,94,30,13,26,21,13,27
2012thru2016,050,05000US39009,"Athens County, Ohio",39,009,800,85,715,60,0,10,50,225,160,60,10,380,140,130,105,50,10,0,40,183,54,184,46,27,16,44,122,115,53,19,139,92,79,78,40,16,27,37
2012thru2016,050,05000US39011,"Auglaize County, Ohio",39,011,245,25,220,90,25,60,4,75,25,40,15,10,0,10,0,45,45,0,0,105,42,93,53,41,54,5,60,35,46,22,14,24,14,24,60,60,24,24
2012thru2016,050,05000US39013,"Belmont County, Ohio",39,013,360,80,280,115,0,40,75,70,20,50,0,35,4,25,4,60,30,0,35,150,63,119,95,27,37,86,50,25,43,27,33,10,29,9,49,44,27,53
2012thru2016,050,05000US39015,"Brown County, Ohio",39,015,330,70,260,115,0,20,95,130,70,20,40,10,10,0,0,4,4,0,0,136,53,133,97,24,20,90,83,70,23,46,13,13,24,24,9,9,24,24
2012thru2016,050,05000US39017,"Butler County, Ohio",39,017,2790,270,2520,540,180,195,170,1625,535,750,340,335,45,190,100,20,0,0,20,435,109,406,148,101,93,104,309,211,198,155,200,51,140,113,34,27,27,34
2012thru2016,050,05000US39019,"Carroll County, Ohio",39,019,95,0,95,15,0,0,15,70,0,70,4,10,0,10,0,0,0,0,0,81,21,81,26,21,21,26,77,21,78,4,13,21,13,21,21,21,21,21
2012thru2016,050,05000US39021,"Champaign County, Ohio",39,021,215,85,130,20,0,20,0,110,30,70,4,0,0,0,0,0,0,0,0,99,71,68,28,24,28,24,63,37,51,12,24,24,24,24,24,24,24,24
2012thru2016,050,05000US39023,"Clark County, Ohio",39,023,1005,500,510,115,0,0,115,260,130,30,100,95,0,35,65,40,10,30,0,206,172,141,70,27,27,70,122,96,29,74,69,27,43,57,36,20,33,27
2012thru2016,050,05000US39025,"Clermont County, Ohio",39,025,1500,65,1435,275,35,150,95,1055,130,625,300,105,75,30,0,0,0,0,0,353,60,367,145,54,94,83,326,106,231,169,94,84,48,27,27,27,27,27
2012thru2016,050,05000US39027,"Clinton County, Ohio",39,027,300,40,260,4,0,4,0,205,65,115,20,0,0,0,0,50,50,0,0,159,48,154,15,24,15,24,124,71,84,34,24,24,24,24,78,78,24,24
2012thru2016,050,05000US39029,"Columbiana County, Ohio",39,029,640,135,500,95,30,60,0,330,135,185,10,0,0,0,0,75,0,75,0,213,110,167,74,42,61,27,138,102,115,15,27,27,27,27,98,27,98,27
2012thru2016,050,05000US39031,"Coshocton County, Ohio",39,031,250,50,200,60,0,35,25,115,30,75,10,25,25,0,0,0,0,0,0,110,49,98,65,24,52,39,66,44,60,15,40,40,24,24,24,24,24,24
2012thru2016,050,05000US39033,"Crawford County, Ohio",39,033,285,40,245,60,20,20,20,135,20,70,45,30,30,0,0,20,0,0,20,101,43,95,56,38,32,33,76,24,60,50,44,44,24,24,30,24,24,30
2012thru2016,050,05000US39035,"Cuyahoga County, Ohio",39,035,17920,4495,13425,2010,715,725,565,7185,2620,3685,880,3305,1200,1395,710,925,495,350,80,1036,538,979,368,268,212,172,595,361,476,226,457,272,309,170,248,191,165,55
2012thru2016,050,05000US39037,"Darke County, Ohio",39,037,370,95,280,75,10,20,45,195,20,90,85,0,0,0,0,10,10,0,0,156,86,131,61,13,24,55,126,24,80,88,27,27,27,27,14,14,27,27
2012thru2016,050,05000US39039,"Defiance County, Ohio",39,039,260,35,225,120,25,0,95,105,0,100,10,0,0,0,0,0,0,0,0,127,39,119,96,40,24,82,75,24,76,13,24,24,24,24,24,24,24,24
2012thru2016,050,05000US39041,"Delaware County, Ohio",39,041,705,35,670,30,0,0,30,350,75,255,20,250,40,160,50,40,40,0,0,226,43,214,42,27,27,42,155,83,141,38,143,63,119,47,63,63,27,27
2012thru2016,050,05000US39043,"Erie County, Ohio",39,043,690,40,655,170,80,90,0,315,85,180,50,110,0,35,75,60,0,45,15,238,52,231,117,92,74,27,163,81,110,56,102,27,51,87,70,27,69,12
2012thru2016,050,05000US39045,"Fairfield County, Ohio",39,045,835,215,620,145,110,0,35,375,60,275,40,100,40,60,0,0,0,0,0,232,129,201,93,79,27,50,142,56,134,42,102,47,88,27,27,27,27,27
2012thru2016,050,05000US39047,"Fayette County, Ohio",39,047,120,0,120,25,0,20,10,95,90,4,0,0,0,0,0,0,0,0,0,78,21,78,27,21,23,15,73,74,11,21,21,21,21,21,21,21,21,21
2012thru2016,050,05000US39049,"Franklin County, Ohio",39,049,13675,1705,11975,1135,265,440,435,7185,2280,3805,1100,2865,850,1750,265,785,315,330,140,909,309,917,271,117,174,191,812,444,637,305,446,202,414,152,252,145,201,98
2012thru2016,050,05000US39051,"Fulton County, Ohio",39,051,115,0,115,10,0,10,0,110,45,65,0,0,0,0,0,0,0,0,0,65,24,65,14,24,14,24,71,47,55,24,24,24,24,24,24,24,24,24
2012thru2016,050,05000US39053,"Gallia County, Ohio",39,053,315,25,290,235,0,100,135,55,0,55,0,0,0,0,0,0,0,0,0,152,40,151,134,24,103,86,69,24,69,24,24,24,24,24,24,24,24,24
2012thru2016,050,05000US39055,"Geauga County, Ohio",39,055,100,30,70,25,0,0,25,30,10,15,4,20,20,0,0,0,0,0,0,59,41,43,31,27,27,31,25,13,17,10,23,23,27,27,27,27,27,27
2012thru2016,050,05000US39057,"Greene County, Ohio",39,057,910,35,875,30,0,30,0,435,30,200,210,255,145,105,10,150,45,35,65,278,41,261,48,27,48,27,175,46,123,114,149,94,101,15,128,72,56,88
2012thru2016,050,05000US39059,"Guernsey County, Ohio",39,059,460,35,425,130,0,0,130,195,50,110,35,75,30,20,25,25,0,0,25,173,44,168,100,24,24,100,108,57,80,31,70,48,33,42,34,24,24,34
2012thru2016,050,05000US39061,"Hamilton County, Ohio",39,061,10285,680,9605,2860,1345,1060,455,5305,2505,1945,855,1110,455,460,195,335,185,145,4,873,233,847,412,300,269,179,557,334,387,226,261,161,190,115,145,127,72,16
2012thru2016,050,05000US39063,"Hancock County, Ohio",39,063,470,125,350,105,50,40,10,180,55,100,25,25,0,25,0,40,35,4,0,182,93,160,87,51,71,20,118,71,83,37,40,27,40,27,54,55,27,27
2012thru2016,050,05000US39065,"Hardin County, Ohio",39,065,260,65,195,55,0,55,0,145,50,95,0,0,0,0,0,0,0,0,0,137,94,109,83,24,83,24,112,54,100,24,24,24,24,24,24,24,24,24
2012thru2016,050,05000US39067,"Harrison County, Ohio",39,067,80,50,35,20,4,4,10,4,0,0,4,10,10,0,0,0,0,0,0,53,50,27,18,18,10,13,18,18,18,18,15,15,18,18,18,18,18,18
2012thru2016,050,05000US39069,"Henry County, Ohio",39,069,95,15,80,25,0,10,15,60,4,50,0,0,0,0,0,0,0,0,0,50,15,50,21,21,11,20,43,10,43,21,21,21,21,21,21,21,21,21
2012thru2016,050,05000US39071,"Highland County, Ohio",39,071,165,85,80,25,0,4,20,55,25,25,4,0,0,0,0,0,0,0,0,98,73,69,36,24,24,38,58,38,36,10,24,24,24,24,24,24,24,24
2012thru2016,050,05000US39073,"Hocking County, Ohio",39,073,100,20,80,55,0,30,25,25,0,25,0,0,0,0,0,0,0,0,0,76,34,66,57,21,43,39,39,21,39,21,21,21,21,21,21,21,21,21
2012thru2016,050,05000US39075,"Holmes County, Ohio",39,075,75,35,45,10,4,0,4,30,0,4,25,0,0,0,0,0,0,0,0,62,46,46,15,4,24,10,44,24,10,42,24,24,24,24,24,24,24,24
2012thru2016,050,05000US39077,"Huron County, Ohio",39,077,760,160,595,185,45,85,50,360,100,255,10,50,0,0,50,0,0,0,0,210,85,208,105,50,65,60,160,83,138,13,71,27,27,71,27,27,27,27
2012thru2016,050,05000US39079,"Jackson County, Ohio",39,079,190,0,190,110,0,85,25,80,0,55,25,0,0,0,0,0,0,0,0,134,24,134,90,24,80,40,93,24,83,42,24,24,24,24,24,24,24,24
2012thru2016,050,05000US39081,"Jefferson County, Ohio",39,081,750,230,520,320,120,80,120,170,15,105,50,30,0,30,0,4,0,4,0,203,123,164,131,73,70,75,93,25,72,48,35,27,35,27,4,27,4,27
2012thru2016,050,05000US39083,"Knox County, Ohio",39,083,225,35,190,4,0,4,0,70,15,55,0,65,4,35,25,50,50,0,0,110,42,101,14,27,14,27,50,22,45,27,55,11,38,38,74,74,27,27
2012thru2016,050,05000US39085,"Lake County, Ohio",39,085,1455,255,1195,70,10,35,20,545,85,420,35,565,135,425,0,20,15,0,4,331,114,287,55,17,46,26,197,77,176,43,212,73,195,27,23,23,27,27
2012thru2016,050,05000US39087,"Lawrence County, Ohio",39,087,645,220,425,135,35,15,85,195,35,110,45,100,35,55,10,0,0,0,0,192,119,176,100,49,22,87,116,60,89,51,73,56,51,15,27,27,27,27
2012thru2016,050,05000US39089,"Licking County, Ohio",39,089,965,190,775,190,115,35,45,455,180,85,195,70,0,70,0,55,0,0,55,238,128,226,123,86,54,69,177,101,70,134,71,27,71,27,82,27,27,82
2012thru2016,050,05000US39091,"Logan County, Ohio",39,091,205,65,145,15,4,0,10,115,30,50,30,15,0,15,0,0,0,0,0,116,60,98,24,18,24,15,95,42,81,43,23,24,23,24,24,24,24,24
2012thru2016,050,05000US39093,"Lorain County, Ohio",39,093,1970,410,1560,175,50,85,35,970,420,350,200,215,170,25,20,200,30,80,85,315,155,279,95,60,62,45,204,141,131,110,137,128,40,31,131,33,102,93
2012thru2016,050,05000US39095,"Lucas County, Ohio",39,095,5545,1550,3995,590,170,220,200,3020,970,1345,705,320,100,145,80,65,0,50,10,559,218,498,173,101,101,103,438,294,301,211,149,82,107,49,60,27,57,20
2012thru2016,050,05000US39097,"Madison County, Ohio",39,097,100,15,80,10,0,10,0,60,60,0,0,4,0,0,4,0,0,0,0,63,28,56,20,24,20,24,52,52,24,24,13,24,24,13,24,24,24,24
2012thru2016,050,05000US39099,"Mahoning County, Ohio",39,099,2035,240,1790,345,80,175,90,985,375,390,215,330,95,185,50,130,90,45,0,337,114,303,126,75,76,71,240,176,149,126,200,91,134,70,73,55,50,27
2012thru2016,050,05000US39101,"Marion County, Ohio",39,101,470,205,265,50,0,10,40,215,70,100,45,0,0,0,0,0,0,0,0,178,104,142,44,27,14,41,131,55,101,52,27,27,27,27,27,27,27,27
2012thru2016,050,05000US39103,"Medina County, Ohio",39,103,570,90,480,0,0,0,0,265,70,185,10,165,120,10,35,50,0,50,0,209,87,202,27,27,27,27,159,77,138,17,118,106,13,51,53,27,53,27
2012thru2016,050,05000US39105,"Meigs County, Ohio",39,105,45,0,45,15,0,0,15,20,10,0,10,10,10,0,0,0,0,0,0,31,21,31,22,21,21,22,21,20,21,13,16,16,21,21,21,21,21,21
2012thru2016,050,05000US39107,"Mercer County, Ohio",39,107,205,35,170,80,0,35,45,90,45,30,15,0,0,0,0,0,0,0,0,110,36,102,70,24,55,45,59,38,43,27,24,24,24,24,24,24,24,24
2012thru2016,050,05000US39109,"Miami County, Ohio",39,109,565,155,410,95,55,40,0,265,110,155,0,50,0,50,0,0,0,0,0,217,97,197,100,83,64,27,144,105,103,27,80,27,80,27,27,27,27,27
2012thru2016,050,05000US39111,"Monroe County, Ohio",39,111,105,45,60,55,15,30,10,0,0,0,0,4,0,0,4,0,0,0,0,64,54,37,35,23,25,13,18,18,18,18,8,18,18,8,18,18,18,18
2012thru2016,050,05000US39113,"Montgomery County, Ohio",39,113,6020,1295,4720,740,220,325,195,2690,1045,1190,455,1150,465,360,325,140,75,35,30,729,283,622,224,126,158,114,395,282,268,173,332,212,194,148,97,69,54,44
2012thru2016,050,05000US39115,"Morgan County, Ohio",39,115,65,0,65,30,0,25,10,30,10,4,20,0,0,0,0,0,0,0,0,30,18,30,23,18,20,13,22,14,7,23,18,18,18,18,18,18,18,18
2012thru2016,050,05000US39117,"Morrow County, Ohio",39,117,90,50,45,4,4,0,0,20,0,10,10,15,15,0,0,0,0,0,0,80,74,35,17,17,24,24,23,24,16,16,26,26,24,24,24,24,24,24
2012thru2016,050,05000US39119,"Muskingum County, Ohio",39,119,935,65,865,225,10,45,175,500,110,235,155,140,90,55,0,0,0,0,0,272,71,264,125,15,59,120,199,86,140,111,113,92,69,27,27,27,27,27
2012thru2016,050,05000US39121,"Noble County, Ohio",39,121,45,0,45,20,0,20,0,10,10,0,0,0,0,0,0,10,0,10,0,34,18,34,21,18,21,18,21,21,18,18,18,18,18,18,19,18,19,18
2012thru2016,050,05000US39123,"Ottawa County, Ohio",39,123,330,4,325,170,70,60,40,85,10,25,50,40,10,15,10,30,0,10,20,107,16,106,81,77,59,31,53,16,39,41,33,19,23,21,26,24,21,19
2012thru2016,050,05000US39125,"Paulding County, Ohio",39,125,135,35,100,20,0,10,15,60,35,0,30,15,0,15,0,0,0,0,0,84,44,74,18,18,14,17,62,44,18,42,27,18,27,18,18,18,18,18
2012thru2016,050,05000US39127,"Perry County, Ohio",39,127,105,20,80,45,4,15,25,30,10,15,4,4,0,4,0,0,0,0,0,42,24,39,27,10,17,19,27,18,17,9,18,24,18,24,24,24,24,24
2012thru2016,050,05000US39129,"Pickaway County, Ohio",39,129,470,60,410,15,4,0,4,390,20,345,25,4,0,0,4,0,0,0,0,206,52,196,16,12,27,12,195,24,190,40,1,27,27,1,27,27,27,27
2012thru2016,050,05000US39131,"Pike County, Ohio",39,131,260,4,255,25,0,25,0,205,45,90,70,0,0,0,0,20,0,20,0,117,8,117,31,21,31,21,107,54,76,65,21,21,21,21,37,21,37,21
2012thru2016,050,05000US39133,"Portage County, Ohio",39,133,870,75,795,85,15,40,30,325,90,210,25,325,130,140,50,60,0,0,60,232,64,219,76,23,54,48,155,67,138,39,139,103,91,59,73,27,27,73
2012thru2016,050,05000US39135,"Preble County, Ohio",39,135,285,65,220,50,0,25,25,130,4,115,15,35,20,15,0,0,0,0,0,113,41,99,46,24,35,29,62,24,62,23,42,34,22,24,24,24,24,24
2012thru2016,050,05000US39137,"Putnam County, Ohio",39,137,95,0,95,60,0,30,35,35,0,25,10,0,0,0,0,0,0,0,0,50,24,50,41,24,31,38,33,24,27,13,24,24,24,24,24,24,24,24
2012thru2016,050,05000US39139,"Richland County, Ohio",39,139,875,195,680,195,25,125,45,485,260,145,85,0,0,0,0,0,0,0,0,257,108,234,123,42,106,45,198,130,112,85,27,27,27,27,27,27,27,27
2012thru2016,050,05000US39141,"Ross County, Ohio",39,141,425,165,260,15,15,0,0,175,30,90,55,70,70,0,0,0,0,0,0,169,91,137,28,28,27,27,122,42,99,54,70,70,27,27,27,27,27,27
2012thru2016,050,05000US39143,"Sandusky County, Ohio",39,143,680,80,600,230,80,45,105,355,75,220,60,0,0,0,0,20,20,0,0,209,78,193,136,79,51,84,130,72,99,58,27,27,27,27,35,35,27,27
2012thru2016,050,05000US39145,"Scioto County, Ohio",39,145,615,15,600,285,70,190,25,265,150,100,15,50,30,15,0,0,0,0,0,195,25,192,138,87,104,37,108,86,80,25,50,43,29,27,27,27,27,27
2012thru2016,050,05000US39147,"Seneca County, Ohio",39,147,585,195,390,115,70,45,0,275,105,135,40,0,0,0,0,0,0,0,0,170,96,156,84,67,50,27,128,81,91,41,27,27,27,27,27,27,27,27
2012thru2016,050,05000US39149,"Shelby County, Ohio",39,149,200,10,190,65,0,30,40,125,45,45,30,0,0,0,0,0,0,0,0,111,16,110,60,24,34,47,96,55,65,53,24,24,24,24,24,24,24,24
2012thru2016,050,05000US39151,"Stark County, Ohio",39,151,2670,250,2420,465,90,150,230,1460,565,790,105,395,245,95,50,100,45,55,0,466,134,422,194,74,114,121,355,216,246,98,196,169,75,62,78,53,59,27
2012thru2016,050,05000US39153,"Summit County, Ohio",39,153,5545,695,4855,910,365,300,245,2770,1345,960,465,1100,565,425,110,70,45,15,10,639,230,558,231,138,153,119,457,315,274,179,267,222,185,82,71,73,22,13
2012thru2016,050,05000US39155,"Trumbull County, Ohio",39,155,1895,285,1605,345,140,130,80,1020,300,650,70,230,90,95,40,10,10,0,0,383,130,353,138,68,104,56,301,144,255,81,133,100,88,48,18,18,27,27
2012thru2016,050,05000US39157,"Tuscarawas County, Ohio",39,157,405,25,380,15,0,0,15,205,75,80,50,55,55,0,0,100,50,0,50,183,34,182,31,27,27,31,121,82,80,50,88,88,27,27,99,80,27,64
2012thru2016,050,05000US39159,"Union County, Ohio",39,159,120,120,4,4,0,4,0,0,0,0,0,0,0,0,0,0,0,0,0,90,90,5,5,27,5,27,27,27,27,27,27,27,27,27,27,27,27,27
2012thru2016,050,05000US39161,"Van Wert County, Ohio",39,161,215,55,160,85,40,25,20,75,20,55,0,0,0,0,0,0,0,0,0,106,51,92,61,50,30,23,50,31,41,21,21,21,21,21,21,21,21,21
2012thru2016,050,05000US39163,"Vinton County, Ohio",39,163,60,0,60,55,15,0,40,4,4,0,0,0,0,0,0,0,0,0,0,54,18,54,54,23,18,50,13,13,18,18,18,18,18,18,18,18,18,18
2012thru2016,050,05000US39165,"Warren County, Ohio",39,165,720,40,680,135,65,60,10,215,10,110,95,245,0,90,155,90,0,0,90,334,65,339,87,64,58,16,136,18,101,98,257,27,102,232,100,27,27,100
2012thru2016,050,05000US39167,"Washington County, Ohio",39,167,480,75,400,150,4,80,65,180,110,20,55,20,0,0,20,45,25,25,0,186,70,165,97,13,63,75,107,87,35,65,36,27,27,36,54,40,39,27
2012thru2016,050,05000US39169,"Wayne County, Ohio",39,169,430,20,410,4,0,4,0,355,80,225,45,50,0,0,50,0,0,0,0,176,36,173,21,27,21,27,163,77,142,49,56,27,27,56,27,27,27,27
2012thru2016,050,05000US39171,"Williams County, Ohio",39,171,135,0,135,35,0,25,10,95,15,80,0,4,4,0,0,0,0,0,0,96,24,96,43,24,39,15,85,28,82,24,14,14,24,24,24,24,24,24
2012thru2016,050,05000US39173,"Wood County, Ohio",39,173,570,40,530,0,0,0,0,365,80,265,20,120,45,50,20,45,0,45,0,197,54,195,27,27,27,27,147,62,142,22,118,71,65,25,71,27,71,27
2012thru2016,050,05000US39175,"Wyandot County, Ohio",39,175,100,20,75,30,30,0,0,45,20,30,0,0,0,0,0,0,0,0,0,74,36,65,38,38,21,21,51,32,44,21,21,21,21,21,21,21,21,21
2012thru2016,050,05000US40001,"Adair County, Oklahoma",40,001,160,35,125,65,0,20,40,50,25,20,4,10,10,0,0,0,0,0,0,60,23,57,38,17,21,28,30,24,18,11,13,13,17,17,17,17,17,17
2012thru2016,050,05000US40003,"Alfalfa County, Oklahoma",40,003,35,10,25,10,0,10,0,15,10,0,4,0,0,0,0,0,0,0,0,25,14,21,16,13,16,13,20,14,13,2,13,13,13,13,13,13,13,13
2012thru2016,050,05000US40005,"Atoka County, Oklahoma",40,005,95,60,35,15,0,4,10,25,10,10,4,0,0,0,0,0,0,0,0,36,27,24,11,15,15,11,20,14,13,16,15,15,15,15,15,15,15,15
2012thru2016,050,05000US40007,"Beaver County, Oklahoma",40,007,65,15,50,25,4,10,10,25,10,10,10,0,0,0,0,0,0,0,0,31,18,30,21,9,12,14,23,13,13,15,13,13,13,13,13,13,13,13
2012thru2016,050,05000US40009,"Beckham County, Oklahoma",40,009,205,55,145,80,0,35,40,70,0,40,30,0,0,0,0,0,0,0,0,124,59,115,91,17,57,69,78,17,64,49,17,17,17,17,17,17,17,17
2012thru2016,050,05000US40011,"Blaine County, Oklahoma",40,011,100,30,70,50,0,0,50,20,0,15,4,0,0,0,0,0,0,0,0,51,29,52,56,13,13,56,24,13,24,16,13,13,13,13,13,13,13,13
2012thru2016,050,05000US40013,"Bryan County, Oklahoma",40,013,630,190,440,75,0,40,30,260,55,145,60,110,20,50,35,0,0,0,0,129,65,108,41,20,34,24,88,31,61,43,64,24,39,36,20,20,20,20
2012thru2016,050,05000US40015,"Caddo County, Oklahoma",40,015,260,70,190,110,30,40,40,60,35,15,10,20,0,10,10,0,0,0,0,65,40,52,40,27,24,27,35,30,12,17,12,17,9,13,17,17,17,17
2012thru2016,050,05000US40017,"Canadian County, Oklahoma",40,017,590,40,545,160,30,40,95,150,30,60,60,235,30,45,155,0,0,0,0,200,40,195,93,49,48,79,76,38,49,47,137,42,72,89,22,22,22,22
2012thru2016,050,05000US40019,"Carter County, Oklahoma",40,019,940,620,320,90,10,30,50,170,20,65,90,45,0,10,35,15,4,10,0,136,97,87,44,12,28,34,60,18,40,45,31,20,14,29,23,9,21,20
2012thru2016,050,05000US40021,"Cherokee County, Oklahoma",40,021,775,110,665,165,30,100,35,420,150,175,95,60,20,20,15,25,25,0,0,166,67,153,72,25,58,31,114,70,69,52,43,28,26,24,22,22,20,20
2012thru2016,050,05000US40023,"Choctaw County, Oklahoma",40,023,175,15,160,80,15,40,25,60,15,15,35,10,10,0,0,10,10,0,0,63,13,63,42,20,34,22,35,18,17,28,13,13,15,15,17,17,15,15
2012thru2016,050,05000US40025,"Cimarron County, Oklahoma",40,025,50,20,25,25,4,10,15,0,0,0,0,0,0,0,0,0,0,0,0,24,15,21,21,6,13,18,9,9,9,9,9,9,9,9,9,9,9,9
2012thru2016,050,05000US40027,"Cleveland County, Oklahoma",40,027,2860,260,2595,150,25,80,45,1430,455,670,300,620,140,140,340,395,80,60,250,463,136,448,94,45,75,47,319,167,229,142,230,85,100,172,199,92,68,171
2012thru2016,050,05000US40029,"Coal County, Oklahoma",40,029,95,40,55,25,15,4,10,25,4,15,4,4,0,4,0,0,0,0,0,33,17,25,16,14,4,11,16,10,15,13,7,13,7,13,13,13,13,13
2012thru2016,050,05000US40031,"Comanche County, Oklahoma",40,031,3180,230,2950,335,120,185,30,1605,375,795,440,925,65,540,320,85,0,0,85,438,123,429,134,75,117,27,363,143,247,190,243,71,206,143,83,22,22,83
2012thru2016,050,05000US40033,"Cotton County, Oklahoma",40,033,0,0,0,0,0,0,0,0,0,0,0,0,0,0,0,0,0,0,0,0,13,0,0,13,13,0,13,13,13,13,13,13,13,13,13,13,13,13
2012thru2016,050,05000US40035,"Craig County, Oklahoma",40,035,115,40,80,15,4,10,0,30,10,15,0,15,0,4,10,25,25,0,0,37,23,30,14,2,13,15,19,18,20,15,22,15,5,15,15,15,15,15
2012thru2016,050,05000US40037,"Creek County, Oklahoma",40,037,415,25,390,150,20,75,50,185,10,100,75,50,0,15,35,4,0,4,0,99,33,91,41,15,34,35,61,15,47,30,38,22,17,35,8,22,8,22
2012thru2016,050,05000US40039,"Custer County, Oklahoma",40,039,300,0,300,85,45,40,0,205,125,85,0,10,0,10,0,0,0,0,0,175,17,175,82,53,63,17,140,106,97,17,16,17,16,17,17,17,17,17
2012thru2016,050,05000US40041,"Delaware County, Oklahoma",40,041,395,115,280,105,4,60,40,100,35,45,20,60,4,35,25,10,0,4,4,101,57,82,54,9,43,30,45,19,29,27,47,4,26,28,13,20,20,14
2012thru2016,050,05000US40043,"Dewey County, Oklahoma",40,043,15,0,15,4,0,0,4,10,0,4,4,0,0,0,0,0,0,0,0,16,9,16,9,9,9,9,12,9,11,3,9,9,9,9,9,9,9,9
2012thru2016,050,05000US40045,"Ellis County, Oklahoma",40,045,70,30,45,20,0,0,20,10,0,0,10,10,0,10,0,0,0,0,0,37,26,29,19,9,9,19,15,9,9,15,13,9,13,9,9,9,9,9
2012thru2016,050,05000US40047,"Garfield County, Oklahoma",40,047,845,265,585,65,45,15,4,235,35,180,20,180,145,35,0,100,100,0,0,240,133,221,69,63,17,14,128,51,112,28,130,118,58,22,114,114,22,22
2012thru2016,050,05000US40049,"Garvin County, Oklahoma",40,049,215,90,125,35,10,25,0,55,25,25,4,35,20,4,10,0,0,0,0,68,37,59,29,13,25,17,41,37,21,2,35,27,10,16,17,17,17,17
2012thru2016,050,05000US40051,"Grady County, Oklahoma",40,051,355,40,320,120,45,45,30,140,55,40,50,55,45,0,4,0,0,0,0,87,31,87,54,32,31,27,58,34,30,44,47,46,22,16,22,22,22,22
2012thru2016,050,05000US40053,"Grant County, Oklahoma",40,053,30,10,20,15,0,4,10,10,0,0,10,0,0,0,0,0,0,0,0,24,13,19,19,9,9,13,14,9,9,14,9,9,9,9,9,9,9,9
2012thru2016,050,05000US40055,"Greer County, Oklahoma",40,055,0,0,0,0,0,0,0,0,0,0,0,0,0,0,0,0,0,0,0,0,13,0,0,0,13,13,0,13,13,0,13,13,13,13,13,13,13,13
2012thru2016,050,05000US40057,"Harmon County, Oklahoma",40,057,0,0,0,0,0,0,0,0,0,0,0,0,0,0,0,0,0,0,0,0,9,0,0,9,0,9,9,9,9,9,9,9,9,9,9,9,9,9
2012thru2016,050,05000US40059,"Harper County, Oklahoma",40,059,25,15,10,10,0,4,4,0,0,0,0,0,0,0,0,0,0,0,0,19,17,15,15,9,15,5,9,9,9,9,9,9,9,9,9,9,9,9
2012thru2016,050,05000US40061,"Haskell County, Oklahoma",40,061,170,25,145,90,4,35,50,50,10,35,10,4,4,0,0,0,0,0,0,66,17,60,59,14,25,54,28,15,26,12,10,10,15,15,15,15,15,15
2012thru2016,050,05000US40063,"Hughes County, Oklahoma",40,063,230,0,230,155,4,105,45,65,4,35,30,4,0,4,0,10,4,4,0,48,15,48,41,15,36,20,26,3,23,22,15,15,15,15,15,9,10,15
2012thru2016,050,05000US40065,"Jackson County, Oklahoma",40,065,205,30,175,110,25,45,40,25,15,0,4,25,0,0,25,20,0,20,0,83,31,83,68,37,42,40,30,29,17,10,32,17,17,32,34,17,34,17
2012thru2016,050,05000US40067,"Jefferson County, Oklahoma",40,067,60,35,25,20,4,4,10,4,4,0,0,0,0,0,0,0,0,0,0,19,16,12,10,13,5,13,4,4,13,13,13,13,13,13,13,13,13,13
2012thru2016,050,05000US40069,"Johnston County, Oklahoma",40,069,85,10,75,50,4,30,15,25,4,15,10,0,0,0,0,0,0,0,0,33,10,32,31,5,28,13,13,3,11,11,15,15,15,15,15,15,15,15
2012thru2016,050,05000US40071,"Kay County, Oklahoma",40,071,380,130,250,50,10,30,4,150,100,50,0,35,15,4,15,20,20,0,0,115,78,87,27,9,23,12,69,47,38,20,25,20,3,23,26,26,20,20
2012thru2016,050,05000US40073,"Kingfisher County, Oklahoma",40,073,120,0,120,20,4,4,4,100,40,60,0,0,0,0,0,0,0,0,0,105,15,105,19,20,10,14,105,66,82,15,15,15,15,15,15,15,15,15
2012thru2016,050,05000US40075,"Kiowa County, Oklahoma",40,075,75,20,55,15,4,0,10,20,0,20,0,20,20,0,0,0,0,0,0,59,36,44,17,5,13,15,33,13,33,13,28,28,13,13,13,13,13,13
2012thru2016,050,05000US40077,"Latimer County, Oklahoma",40,077,50,20,30,15,4,10,4,10,10,0,0,0,0,0,0,4,0,0,4,21,18,16,13,15,12,15,15,15,15,15,15,15,15,15,15,15,15,15
2012thru2016,050,05000US40079,"Le Flore County, Oklahoma",40,079,525,80,445,140,4,65,75,245,70,130,50,55,4,15,40,4,4,0,0,87,38,78,46,20,31,33,50,28,40,21,36,8,22,30,20,20,20,20
2012thru2016,050,05000US40081,"Lincoln County, Oklahoma",40,081,175,45,130,50,4,25,15,80,10,35,35,4,4,0,0,0,0,0,0,47,27,42,23,11,18,12,32,15,20,19,20,20,20,20,20,20,20,20
2012thru2016,050,05000US40083,"Logan County, Oklahoma",40,083,405,60,345,125,15,65,45,145,20,90,40,75,20,20,30,0,0,0,0,143,57,130,73,25,54,39,94,34,75,43,58,33,40,49,20,20,20,20
2012thru2016,050,05000US40085,"Love County, Oklahoma",40,085,285,245,45,15,4,0,15,20,20,0,0,4,4,4,0,0,0,0,0,63,54,21,16,8,13,18,15,15,13,13,15,6,13,13,13,13,13,13
2012thru2016,050,05000US40087,"McClain County, Oklahoma",40,087,180,80,100,50,10,4,35,20,0,4,15,30,0,15,15,0,0,0,0,91,64,53,30,18,6,25,26,20,20,23,36,20,29,24,20,20,20,20
2012thru2016,050,05000US40089,"McCurtain County, Oklahoma",40,089,520,100,420,225,60,45,120,135,35,80,20,45,15,30,0,15,0,4,10,108,53,93,67,39,19,53,58,32,39,21,35,18,30,20,15,20,20,16
2012thru2016,050,05000US40091,"McIntosh County, Oklahoma",40,091,90,0,90,55,10,35,4,30,20,0,10,4,0,4,0,0,0,0,0,36,17,36,24,15,22,14,26,22,17,13,8,17,8,17,17,17,17,17
2012thru2016,050,05000US40093,"Major County, Oklahoma",40,093,30,15,15,0,0,0,0,15,15,0,0,0,0,0,0,0,0,0,0,27,17,23,13,13,13,13,23,23,13,13,13,13,13,13,13,13,13,13
2012thru2016,050,05000US40095,"Marshall County, Oklahoma",40,095,120,40,80,4,0,0,4,55,4,35,15,10,0,10,0,10,10,0,0,37,18,34,17,15,15,17,29,14,26,16,13,15,13,15,13,13,15,15
2012thru2016,050,05000US40097,"Mayes County, Oklahoma",40,097,285,60,225,55,4,15,35,115,10,75,30,45,20,20,0,10,0,10,0,72,32,66,29,10,16,26,50,9,47,22,37,28,24,20,13,20,13,20
2012thru2016,050,05000US40099,"Murray County, Oklahoma",40,099,100,10,85,10,0,10,4,35,15,20,0,40,0,40,0,0,0,0,0,69,13,68,14,15,14,3,33,24,25,15,59,15,59,15,15,15,15,15
2012thru2016,050,05000US40101,"Muskogee County, Oklahoma",40,101,790,170,625,145,25,40,80,365,160,115,90,95,35,30,30,20,15,0,10,135,59,117,59,28,20,51,98,66,51,38,48,22,33,34,25,22,22,14
2012thru2016,050,05000US40103,"Noble County, Oklahoma",40,103,140,40,100,100,0,25,70,0,0,0,0,4,0,4,0,0,0,0,0,71,29,75,76,15,39,65,15,15,15,15,6,15,6,15,15,15,15,15
2012thru2016,050,05000US40105,"Nowata County, Oklahoma",40,105,55,20,35,10,0,10,0,10,10,0,4,15,15,0,0,0,0,0,0,27,13,25,18,15,18,15,8,17,15,15,18,18,15,15,15,15,15,15
2012thru2016,050,05000US40107,"Okfuskee County, Oklahoma",40,107,60,10,50,30,0,4,25,20,4,4,10,0,0,0,0,0,0,0,0,30,13,31,23,15,3,26,23,16,10,13,15,15,15,15,15,15,15,15
2012thru2016,050,05000US40109,"Oklahoma County, Oklahoma",40,109,10320,1285,9035,585,20,315,250,5675,1995,2750,930,2265,630,985,650,510,350,45,115,828,291,780,165,25,140,100,582,317,351,290,410,224,284,257,165,138,42,78
2012thru2016,050,05000US40111,"Okmulgee County, Oklahoma",40,111,335,155,175,35,10,10,15,95,15,30,50,45,25,20,4,0,0,0,0,95,62,70,27,13,13,19,54,21,25,39,35,29,24,20,20,20,20,20
2012thru2016,050,05000US40113,"Osage County, Oklahoma",40,113,260,95,160,105,25,55,25,45,10,30,4,10,0,10,4,0,0,0,0,79,49,66,53,25,35,26,37,13,32,17,17,20,13,1,20,20,20,20
2012thru2016,050,05000US40115,"Ottawa County, Oklahoma",40,115,405,110,295,110,55,25,30,125,50,25,50,60,40,10,10,0,0,0,0,57,27,52,27,21,12,13,30,17,16,20,24,18,10,13,20,20,20,20
2012thru2016,050,05000US40117,"Pawnee County, Oklahoma",40,117,125,40,85,20,0,10,10,55,20,20,15,4,4,0,0,4,0,4,0,39,21,33,17,15,13,13,26,15,15,13,15,15,15,15,10,15,10,15
2012thru2016,050,05000US40119,"Payne County, Oklahoma",40,119,1165,150,1015,95,35,30,30,700,305,250,145,130,35,55,40,90,90,0,0,312,88,302,56,40,35,27,238,181,146,126,98,40,45,66,99,99,22,22
2012thru2016,050,05000US40121,"Pittsburg County, Oklahoma",40,121,460,70,385,175,25,75,75,65,4,25,35,120,45,55,25,30,10,15,4,106,43,98,64,19,41,45,35,20,22,26,55,39,41,23,25,16,16,20
2012thru2016,050,05000US40123,"Pontotoc County, Oklahoma",40,123,535,55,480,145,10,70,65,220,25,140,50,105,45,30,30,10,10,0,0,113,34,111,53,18,36,35,84,20,76,27,49,30,26,27,13,13,20,20
2012thru2016,050,05000US40125,"Pottawatomie County, Oklahoma",40,125,425,90,335,75,10,30,35,170,40,90,45,85,35,40,10,0,0,0,0,89,37,84,36,18,21,24,65,35,41,26,46,31,27,13,22,22,22,22
2012thru2016,050,05000US40127,"Pushmataha County, Oklahoma",40,127,95,15,80,35,15,10,10,35,4,25,0,0,0,0,0,15,4,10,4,34,13,31,14,14,8,10,21,16,20,15,15,15,15,15,14,15,14,3
2012thru2016,050,05000US40129,"Roger Mills County, Oklahoma",40,129,0,0,0,0,0,0,0,0,0,0,0,0,0,0,0,0,0,0,0,0,9,0,9,9,9,9,0,9,0,9,9,9,9,9,9,9,9,9
2012thru2016,050,05000US40131,"Rogers County, Oklahoma",40,131,490,110,375,65,0,35,30,225,25,125,75,75,20,25,30,10,10,0,4,114,49,101,32,22,23,21,81,23,68,32,37,24,24,26,14,13,22,8
2012thru2016,050,05000US40133,"Seminole County, Oklahoma",40,133,260,20,240,130,40,65,25,105,30,65,15,4,4,4,0,0,0,0,0,67,16,64,44,26,31,18,36,23,28,14,2,4,17,17,17,17,17,17
2012thru2016,050,05000US40135,"Sequoyah County, Oklahoma",40,135,540,170,370,70,20,25,25,240,85,55,95,60,40,15,10,0,0,0,0,92,68,77,33,23,21,21,67,41,24,59,32,23,23,14,20,20,20,20
2012thru2016,050,05000US40137,"Stephens County, Oklahoma",40,137,355,115,240,90,10,55,25,120,0,90,30,25,0,4,25,0,0,0,0,86,47,71,46,12,38,28,46,20,45,22,31,20,1,29,20,20,20,20
2012thru2016,050,05000US40139,"Texas County, Oklahoma",40,139,165,25,140,30,0,15,15,90,60,4,30,20,0,10,10,0,0,0,0,91,23,92,17,17,16,14,89,88,17,20,23,17,13,13,17,17,17,17
2012thru2016,050,05000US40141,"Tillman County, Oklahoma",40,141,115,55,60,25,10,15,0,35,15,15,0,0,0,0,0,0,0,0,0,50,35,41,32,15,28,13,34,30,20,13,13,13,13,13,13,13,13,13
2012thru2016,050,05000US40143,"Tulsa County, Oklahoma",40,143,9010,1595,7415,815,140,185,490,4090,1820,1555,715,1895,675,795,425,615,330,175,110,417,180,416,125,60,52,99,296,205,197,124,206,118,130,112,130,85,81,55
2012thru2016,050,05000US40145,"Wagoner County, Oklahoma",40,145,290,85,205,55,10,35,10,85,15,20,50,50,20,15,15,10,0,10,0,77,44,67,28,14,27,11,48,21,22,35,33,25,16,18,14,22,14,22
2012thru2016,050,05000US40147,"Washington County, Oklahoma",40,147,305,60,240,25,15,4,4,130,45,75,10,70,35,15,15,15,15,0,0,101,47,87,20,17,8,2,62,41,43,14,46,33,31,28,24,24,22,22
2012thru2016,050,05000US40149,"Washita County, Oklahoma",40,149,65,20,45,35,0,10,30,10,0,0,10,0,0,0,0,0,0,0,0,38,19,35,33,15,13,30,15,15,15,15,15,15,15,15,15,15,15,15
2012thru2016,050,05000US40151,"Woods County, Oklahoma",40,151,190,40,150,85,0,45,40,25,0,0,25,40,0,40,0,0,0,0,0,89,35,87,65,13,46,46,44,13,13,44,48,13,48,13,13,13,13,13
2012thru2016,050,05000US40153,"Woodward County, Oklahoma",40,153,315,80,235,125,20,85,25,105,0,105,4,4,0,4,0,0,0,0,0,148,82,124,92,32,86,26,91,17,90,17,1,17,1,17,17,17,17,17
2012thru2016,050,05000US41001,"Baker County, Oregon",41,001,185,30,155,35,20,15,0,120,35,40,45,0,0,0,0,0,0,0,0,95,44,87,33,24,22,19,80,49,40,49,19,19,19,19,19,19,19,19
2012thru2016,050,05000US41003,"Benton County, Oregon",41,003,895,4,890,50,15,35,0,410,180,140,90,295,135,140,15,140,0,40,95,233,13,232,50,28,41,28,155,104,77,75,116,93,72,23,103,28,62,82
2012thru2016,050,05000US41005,"Clackamas County, Oregon",41,005,1470,145,1325,25,0,25,0,325,50,200,75,720,145,350,225,255,120,55,80,326,106,309,43,28,43,28,145,49,120,100,256,84,174,142,138,100,52,85
2012thru2016,050,05000US41007,"Clatsop County, Oregon",41,007,725,200,525,4,0,0,4,190,60,45,85,165,80,70,15,160,80,30,50,189,130,159,13,25,25,13,116,67,34,91,98,74,68,17,84,66,22,62
2012thru2016,050,05000US41009,"Columbia County, Oregon",41,009,120,45,75,10,0,0,10,65,0,65,0,0,0,0,0,0,0,0,0,77,48,62,13,25,25,13,61,25,61,25,25,25,25,25,25,25,25,25
2012thru2016,050,05000US41011,"Coos County, Oregon",41,011,650,60,590,40,0,35,4,230,110,80,40,300,65,90,145,20,20,0,0,195,78,182,36,28,38,10,130,105,76,60,147,69,90,93,37,37,28,28
2012thru2016,050,05000US41013,"Crook County, Oregon",41,013,0,0,0,0,0,0,0,0,0,0,0,0,0,0,0,0,0,0,0,0,22,0,22,22,22,22,0,0,22,22,22,22,22,22,22,22,22,22
2012thru2016,050,05000US41015,"Curry County, Oregon",41,015,140,0,140,15,15,0,0,45,30,15,0,80,75,10,0,0,0,0,0,88,22,88,23,23,22,22,41,34,24,22,80,79,14,22,22,22,22,22
2012thru2016,050,05000US41017,"Deschutes County, Oregon",41,017,1195,70,1125,55,0,55,0,375,0,265,110,615,155,235,220,80,0,70,10,344,72,313,75,28,75,28,197,28,166,98,258,151,180,139,84,28,80,16
2012thru2016,050,05000US41019,"Douglas County, Oregon",41,019,725,160,565,4,0,4,0,165,0,120,45,325,80,100,145,70,15,55,0,273,115,254,10,28,10,28,134,28,81,75,162,85,80,119,85,32,79,28
2012thru2016,050,05000US41021,"Gilliam County, Oregon",41,021,30,4,30,0,0,0,0,30,4,10,10,0,0,0,0,0,0,0,0,23,4,21,12,12,12,12,21,9,14,14,12,12,12,12,12,12,12,12
2012thru2016,050,05000US41023,"Grant County, Oregon",41,023,60,10,50,10,0,0,10,30,15,0,20,4,0,0,4,0,0,0,0,33,15,32,13,17,17,13,24,22,17,22,17,17,17,17,17,17,17,17
2012thru2016,050,05000US41025,"Harney County, Oregon",41,025,110,10,100,95,0,45,50,0,0,0,0,0,0,0,0,4,4,0,0,80,19,81,80,17,65,52,17,17,17,17,17,17,17,17,17,17,17,17
2012thru2016,050,05000US41027,"Hood River County, Oregon",41,027,140,0,140,0,0,0,0,30,0,30,0,70,40,10,20,40,0,10,30,95,22,95,22,22,22,22,36,22,36,22,71,63,15,30,50,22,19,45
2012thru2016,050,05000US41029,"Jackson County, Oregon",41,029,1195,55,1145,0,0,0,0,95,75,20,0,775,85,500,195,270,110,40,120,349,59,339,28,28,28,28,85,81,35,28,225,75,208,135,191,119,45,141
2012thru2016,050,05000US41031,"Jefferson County, Oregon",41,031,100,0,100,45,30,10,10,15,0,15,0,15,0,0,15,20,0,0,20,67,22,67,46,44,13,13,22,22,22,22,25,22,22,25,33,22,22,33
2012thru2016,050,05000US41033,"Josephine County, Oregon",41,033,470,95,375,70,0,70,0,110,0,70,40,60,60,0,0,135,40,75,20,225,108,201,80,28,80,28,93,28,72,62,94,94,28,28,121,62,97,37
2012thru2016,050,05000US41035,"Klamath County, Oregon",41,035,925,165,760,80,20,4,55,445,175,200,65,175,0,130,45,60,55,0,4,238,99,231,85,36,10,78,146,99,98,58,118,28,110,43,66,66,28,10
2012thru2016,050,05000US41037,"Lake County, Oregon",41,037,100,0,100,20,0,0,20,50,35,15,4,20,4,0,15,10,10,0,0,63,17,63,28,17,17,28,44,38,22,1,31,13,17,26,14,14,17,17
2012thru2016,050,05000US41039,"Lane County, Oregon",41,039,2335,210,2130,30,0,30,0,415,155,160,95,970,330,440,205,715,275,180,265,416,121,386,44,28,44,28,170,107,105,72,290,168,195,135,223,138,112,142
2012thru2016,050,05000US41041,"Lincoln County, Oregon",41,041,425,0,425,50,35,15,0,110,20,25,65,225,70,60,95,40,15,4,25,153,25,153,57,55,22,25,81,36,29,63,117,64,59,72,30,17,1,26
2012thru2016,050,05000US41043,"Linn County, Oregon",41,043,780,65,715,25,0,0,25,345,55,165,125,260,75,160,25,85,0,40,45,223,77,217,39,28,28,39,172,63,124,95,131,63,116,32,94,28,65,67
2012thru2016,050,05000US41045,"Malheur County, Oregon",41,045,175,40,135,15,0,15,0,110,30,60,20,10,0,10,0,0,0,0,0,87,46,74,30,25,30,25,67,34,54,23,16,25,16,25,25,25,25,25
2012thru2016,050,05000US41047,"Marion County, Oregon",41,047,1930,220,1710,45,0,10,35,685,175,330,185,755,150,370,235,225,100,75,50,400,122,369,54,28,15,52,259,118,184,123,251,119,173,135,105,78,59,61
2012thru2016,050,05000US41049,"Morrow County, Oregon",41,049,60,10,50,15,0,15,0,25,0,10,15,10,0,10,0,0,0,0,0,43,14,40,25,19,25,19,28,19,14,23,21,19,21,19,19,19,19,19
2012thru2016,050,05000US41051,"Multnomah County, Oregon",41,051,4355,305,4050,80,15,40,25,1355,300,910,150,1430,510,620,305,1185,560,345,280,592,132,543,78,26,59,39,323,177,252,109,311,199,238,160,335,236,183,153
2012thru2016,050,05000US41053,"Polk County, Oregon",41,053,270,35,235,4,0,0,4,160,45,105,10,70,0,0,70,0,0,0,0,145,52,136,28,28,28,28,118,40,109,13,79,28,28,79,28,28,28,28
2012thru2016,050,05000US41055,"Sherman County, Oregon",41,055,10,10,0,0,0,0,0,0,0,0,0,0,0,0,0,0,0,0,0,11,11,12,12,12,12,12,12,12,12,12,12,12,12,12,12,12,12,12
2012thru2016,050,05000US41057,"Tillamook County, Oregon",41,057,340,65,275,4,0,4,0,10,4,0,4,145,20,50,80,110,30,20,60,139,74,118,10,22,10,22,15,10,22,10,95,24,67,70,67,40,20,47
2012thru2016,050,05000US41059,"Umatilla County, Oregon",41,059,500,55,445,115,45,0,70,255,75,175,4,65,0,40,20,10,10,0,0,202,77,190,93,60,28,74,147,80,123,3,74,28,63,37,19,19,28,28
2012thru2016,050,05000US41061,"Union County, Oregon",41,061,355,85,270,4,0,0,4,115,55,55,10,120,35,25,60,30,30,0,0,139,80,114,6,22,22,6,86,63,57,14,77,57,38,51,45,45,22,22
2012thru2016,050,05000US41063,"Wallowa County, Oregon",41,063,40,4,35,0,0,0,0,4,0,0,4,4,0,0,4,30,30,0,0,37,17,36,17,17,17,17,4,17,17,4,2,17,17,2,36,36,17,17
2012thru2016,050,05000US41065,"Wasco County, Oregon",41,065,90,4,90,4,4,4,0,35,0,10,25,30,0,30,0,20,0,0,20,60,4,59,17,5,22,22,37,22,13,35,32,22,32,22,32,22,22,32
2012thru2016,050,05000US41067,"Washington County, Oregon",41,067,2545,140,2405,4,4,0,0,855,95,610,150,1285,535,380,375,255,145,90,20,504,105,520,15,15,28,28,280,70,261,118,328,212,173,152,154,109,89,32
2012thru2016,050,05000US41069,"Wheeler County, Oregon",41,069,30,25,4,0,0,0,0,0,0,0,0,0,0,0,0,4,4,0,0,21,20,9,12,12,12,12,12,12,12,12,12,12,12,12,9,9,12,12
2012thru2016,050,05000US41071,"Yamhill County, Oregon",41,071,465,40,425,15,0,15,0,290,40,120,130,90,0,0,90,30,0,0,30,214,58,209,28,28,28,28,188,55,140,106,70,28,28,70,43,28,28,43
2012thru2016,050,05000US42001,"Adams County, Pennsylvania",42,001,350,25,325,0,0,0,0,125,4,70,55,190,130,4,50,10,0,10,0,139,41,134,23,23,23,23,83,1,58,57,111,99,10,47,19,23,19,23
2012thru2016,050,05000US42003,"Allegheny County, Pennsylvania",42,003,8785,1320,7465,1360,625,545,190,3070,1270,1280,515,2185,850,850,490,855,435,165,250,857,298,794,313,231,187,96,514,300,323,164,439,234,279,204,243,166,91,181
2012thru2016,050,05000US42005,"Armstrong County, Pennsylvania",42,005,455,175,280,120,30,25,65,155,55,35,60,10,0,10,0,0,0,0,0,115,106,95,64,30,20,57,69,51,24,53,13,23,13,23,23,23,23,23
2012thru2016,050,05000US42007,"Beaver County, Pennsylvania",42,007,1325,485,840,375,60,155,160,315,205,95,15,150,45,105,0,0,0,0,0,288,165,249,135,51,92,80,154,132,76,18,125,74,98,23,23,23,23,23
2012thru2016,050,05000US42009,"Bedford County, Pennsylvania",42,009,255,10,245,50,4,10,35,85,10,15,60,4,0,4,0,110,30,75,4,92,15,92,41,10,13,36,79,11,14,76,21,21,21,21,32,20,27,21
2012thru2016,050,05000US42011,"Berks County, Pennsylvania",42,011,3355,470,2885,345,65,155,125,1400,415,615,375,980,240,425,315,160,105,40,15,488,164,458,141,53,106,74,253,158,201,137,318,123,199,161,120,86,63,28
2012thru2016,050,05000US42013,"Blair County, Pennsylvania",42,013,785,130,655,235,75,15,140,175,0,140,35,160,35,110,15,85,35,0,50,260,113,236,138,69,25,112,114,23,105,41,124,53,107,25,99,54,23,84
2012thru2016,050,05000US42015,"Bradford County, Pennsylvania",42,015,545,80,465,25,0,15,10,165,50,70,50,265,110,80,80,4,0,4,4,128,51,122,23,23,22,13,66,48,35,32,105,66,60,66,12,23,23,23
2012thru2016,050,05000US42017,"Bucks County, Pennsylvania",42,017,3635,155,3480,100,25,25,50,755,235,360,165,2040,1175,595,270,585,330,175,85,418,95,415,66,31,38,46,216,119,153,103,345,255,215,137,182,144,113,60
2012thru2016,050,05000US42019,"Butler County, Pennsylvania",42,019,880,150,730,170,10,80,80,250,140,85,25,210,30,110,70,100,20,55,30,229,91,208,124,12,72,91,125,97,67,40,109,26,85,59,96,33,88,29
2012thru2016,050,05000US42021,"Cambria County, Pennsylvania",42,021,930,280,650,155,45,25,85,330,60,150,120,160,115,4,40,0,0,0,0,192,133,139,70,42,22,65,109,44,88,85,65,60,10,45,23,23,23,23
2012thru2016,050,05000US42023,"Cameron County, Pennsylvania",42,023,50,0,50,35,15,15,4,15,0,15,0,0,0,0,0,0,0,0,0,40,10,40,34,23,29,10,24,10,24,10,10,10,10,10,10,10,10,10
2012thru2016,050,05000US42025,"Carbon County, Pennsylvania",42,025,160,30,130,10,0,10,0,110,0,50,60,10,10,0,0,0,0,0,0,112,45,100,19,23,19,23,93,23,68,63,14,14,23,23,23,23,23,23
2012thru2016,050,05000US42027,"Centre County, Pennsylvania",42,027,550,30,525,55,55,0,0,220,110,50,60,205,110,50,50,40,10,30,4,181,45,189,82,82,23,23,126,89,73,39,124,71,77,75,33,13,29,23
2012thru2016,050,05000US42029,"Chester County, Pennsylvania",42,029,2490,600,1890,135,80,15,40,750,70,345,340,535,190,220,125,470,125,185,155,394,222,381,88,88,24,39,261,77,147,187,176,92,113,114,189,111,117,95
2012thru2016,050,05000US42031,"Clarion County, Pennsylvania",42,031,530,85,445,80,15,60,10,135,30,95,10,190,100,80,10,40,0,40,0,136,65,140,60,15,55,17,63,27,53,13,113,81,80,13,58,21,58,21
2012thru2016,050,05000US42033,"Clearfield County, Pennsylvania",42,033,485,10,475,35,4,25,4,350,80,135,135,65,35,20,10,25,0,4,20,138,15,140,27,4,23,13,118,70,76,78,56,46,33,13,33,23,7,34
2012thru2016,050,05000US42035,"Clinton County, Pennsylvania",42,035,240,15,225,10,0,10,0,150,0,85,65,55,0,4,50,10,0,0,10,144,22,141,13,21,13,21,121,21,94,68,81,21,9,82,15,21,21,15
2012thru2016,050,05000US42037,"Columbia County, Pennsylvania",42,037,385,35,350,15,0,15,0,230,0,190,40,110,110,0,0,0,0,0,0,179,61,171,15,23,15,23,144,23,142,39,108,108,23,23,23,23,23,23
2012thru2016,050,05000US42039,"Crawford County, Pennsylvania",42,039,650,70,580,115,45,40,30,395,150,35,210,40,0,10,30,30,0,0,30,195,35,187,72,52,40,29,152,78,29,126,48,23,18,45,44,23,23,44
2012thru2016,050,05000US42041,"Cumberland County, Pennsylvania",42,041,895,120,775,45,30,0,15,490,200,165,120,195,55,80,60,45,0,0,45,275,110,260,50,45,23,22,198,118,125,85,134,83,82,79,51,23,23,51
2012thru2016,050,05000US42043,"Dauphin County, Pennsylvania",42,043,2880,305,2580,260,65,125,70,1330,410,545,375,935,375,450,110,55,20,0,30,437,144,413,117,76,80,55,276,160,192,134,262,165,192,85,62,38,23,50
2012thru2016,050,05000US42045,"Delaware County, Pennsylvania",42,045,5510,820,4690,290,175,70,50,2355,1170,850,335,1410,630,535,250,635,390,210,30,521,235,506,140,117,61,52,332,224,210,105,291,188,186,137,197,163,121,37
2012thru2016,050,05000US42047,"Elk County, Pennsylvania",42,047,190,65,125,85,30,55,0,30,0,0,30,4,0,0,4,0,0,0,0,121,88,91,72,33,65,21,52,21,21,52,10,21,21,10,21,21,21,21
2012thru2016,050,05000US42049,"Erie County, Pennsylvania",42,049,2730,260,2465,495,65,185,245,1295,535,545,210,510,110,60,340,170,0,120,45,348,120,350,193,57,111,129,234,167,158,121,196,93,56,169,115,23,111,75
2012thru2016,050,05000US42051,"Fayette County, Pennsylvania",42,051,1160,195,965,320,65,170,85,570,365,145,60,70,25,30,15,4,4,0,0,227,92,219,110,58,86,55,152,135,76,52,65,38,48,20,11,11,23,23
2012thru2016,050,05000US42053,"Forest County, Pennsylvania",42,053,40,0,40,4,4,0,0,25,25,4,0,0,0,0,0,10,4,4,0,27,14,27,10,10,14,14,22,20,14,14,14,14,14,14,12,14,10,14
2012thru2016,050,05000US42055,"Franklin County, Pennsylvania",42,055,540,40,500,130,0,4,125,255,50,65,140,75,0,25,50,40,20,0,20,216,48,210,92,23,10,93,154,66,73,120,52,23,36,44,39,36,23,25
2012thru2016,050,05000US42057,"Fulton County, Pennsylvania",42,057,90,0,90,10,0,0,10,70,15,10,40,10,0,0,10,0,0,0,0,39,16,39,14,16,16,14,33,19,13,26,14,16,16,14,16,16,16,16
2012thru2016,050,05000US42059,"Greene County, Pennsylvania",42,059,215,55,160,0,0,0,0,80,0,45,35,80,40,40,0,0,0,0,0,108,48,97,21,21,21,21,74,21,68,32,60,35,49,21,21,21,21,21
2012thru2016,050,05000US42061,"Huntingdon County, Pennsylvania",42,061,185,20,165,50,0,4,50,105,30,20,55,4,0,0,4,4,0,0,4,103,14,98,68,21,5,68,77,33,16,70,21,21,21,21,9,21,21,9
2012thru2016,050,05000US42063,"Indiana County, Pennsylvania",42,063,820,80,740,165,30,55,80,415,125,145,145,140,95,50,0,25,10,0,10,209,73,194,119,36,87,70,160,105,98,100,97,83,51,23,28,19,23,19
2012thru2016,050,05000US42065,"Jefferson County, Pennsylvania",42,065,450,135,315,145,20,50,70,145,65,35,45,30,0,30,0,0,0,0,0,129,87,107,75,25,47,48,79,58,42,49,48,21,48,21,21,21,21,21
2012thru2016,050,05000US42067,"Juniata County, Pennsylvania",42,067,125,20,105,30,0,15,20,75,10,4,55,0,0,0,0,0,0,0,0,80,22,77,26,18,22,18,78,16,10,76,18,18,18,18,18,18,18,18
2012thru2016,050,05000US42069,"Lackawanna County, Pennsylvania",42,069,1495,300,1195,235,90,115,30,400,130,175,95,480,300,105,75,80,15,55,10,251,129,229,121,66,92,45,139,77,112,70,196,170,85,57,67,23,61,15
2012thru2016,050,05000US42071,"Lancaster County, Pennsylvania",42,071,2550,375,2175,120,35,0,85,790,200,410,180,920,275,310,335,345,135,205,0,460,172,425,73,49,23,68,244,113,164,116,296,168,163,176,191,124,141,23
2012thru2016,050,05000US42073,"Lawrence County, Pennsylvania",42,073,790,210,585,120,20,80,25,390,170,170,50,75,40,35,0,0,0,0,0,208,103,189,109,25,100,35,122,87,75,53,67,42,51,23,23,23,23,23
2012thru2016,050,05000US42075,"Lebanon County, Pennsylvania",42,075,580,75,510,65,0,10,50,330,80,155,90,120,25,50,45,0,0,0,0,197,87,196,61,23,23,56,154,66,116,83,100,39,82,48,23,23,23,23
2012thru2016,050,05000US42077,"Lehigh County, Pennsylvania",42,077,3060,375,2680,355,130,50,175,1320,320,515,490,850,320,225,305,155,95,0,65,470,179,434,150,105,48,102,297,138,219,132,243,161,92,111,130,101,23,68
2012thru2016,050,05000US42079,"Luzerne County, Pennsylvania",42,079,2315,505,1810,360,85,100,175,1055,365,310,380,380,175,125,80,20,20,0,0,365,209,296,151,68,82,108,234,148,120,146,120,85,59,66,33,33,23,23
2012thru2016,050,05000US42081,"Lycoming County, Pennsylvania",42,081,1055,235,820,55,4,40,10,285,95,55,140,305,70,210,25,175,125,50,0,292,122,238,40,15,37,15,157,96,57,111,138,67,121,23,105,102,58,23
2012thru2016,050,05000US42083,"McKean County, Pennsylvania",42,083,235,40,195,20,10,10,0,150,55,65,30,30,20,4,0,0,0,0,0,100,36,93,18,13,13,21,86,60,55,38,36,35,19,21,21,21,21,21
2012thru2016,050,05000US42085,"Mercer County, Pennsylvania",42,085,895,225,670,155,35,30,95,315,125,150,40,175,80,90,4,25,25,0,0,220,109,205,100,43,51,72,139,88,80,46,103,77,88,10,40,40,23,23
2012thru2016,050,05000US42087,"Mifflin County, Pennsylvania",42,087,320,50,270,50,0,40,10,220,85,110,20,0,0,0,0,0,0,0,0,122,39,122,50,21,47,16,123,91,81,30,21,21,21,21,21,21,21,21
2012thru2016,050,05000US42089,"Monroe County, Pennsylvania",42,089,1160,80,1075,95,45,4,40,265,60,135,75,650,100,300,245,70,0,20,50,271,66,271,90,74,10,46,147,65,104,72,200,71,137,137,68,23,30,60
2012thru2016,050,05000US42091,"Montgomery County, Pennsylvania",42,091,5835,640,5195,200,30,130,40,1205,540,415,245,2595,1190,1125,280,1195,575,550,70,617,162,590,118,40,83,36,264,174,144,107,394,287,257,129,298,208,182,75
2012thru2016,050,05000US42093,"Montour County, Pennsylvania",42,093,90,0,90,50,35,10,10,30,10,4,15,10,0,0,10,0,0,0,0,63,16,63,56,53,14,13,25,13,12,25,13,16,16,13,16,16,16,16
2012thru2016,050,05000US42095,"Northampton County, Pennsylvania",42,095,1565,300,1265,10,0,0,10,565,215,190,160,570,225,255,90,120,0,90,35,334,126,291,14,23,23,14,183,118,88,107,186,104,121,84,99,23,90,39
2012thru2016,050,05000US42097,"Northumberland County, Pennsylvania",42,097,485,140,345,200,0,75,120,145,0,60,85,0,0,0,0,0,0,0,0,158,107,126,89,23,49,73,81,23,55,69,23,23,23,23,23,23,23,23
2012thru2016,050,05000US42099,"Perry County, Pennsylvania",42,099,205,25,175,70,0,25,40,105,10,60,35,0,0,0,0,0,0,0,0,74,27,69,48,21,21,45,58,15,38,45,21,21,21,21,21,21,21,21
2012thru2016,050,05000US42101,"Philadelphia County, Pennsylvania",42,101,22010,3380,18630,2220,770,740,710,8470,3935,2550,1980,5295,3255,1020,1015,2645,1485,755,410,1167,430,1129,367,164,222,187,755,482,463,434,579,480,260,266,445,335,225,157
2012thru2016,050,05000US42103,"Pike County, Pennsylvania",42,103,210,25,185,25,0,15,10,0,0,0,0,140,20,25,95,15,0,15,0,87,27,91,30,23,26,18,23,23,23,23,84,36,24,78,25,23,25,23
2012thru2016,050,05000US42105,"Potter County, Pennsylvania",42,105,95,15,80,25,4,10,10,35,15,10,10,4,4,0,0,15,15,0,0,37,25,30,20,10,12,14,22,16,12,13,10,10,16,16,21,21,16,16
2012thru2016,050,05000US42107,"Schuylkill County, Pennsylvania",42,107,765,120,640,245,45,165,35,250,35,165,50,135,70,45,20,15,0,15,0,201,74,178,131,71,104,33,105,41,90,36,97,65,68,22,24,23,24,23
2012thru2016,050,05000US42109,"Snyder County, Pennsylvania",42,109,145,10,135,35,15,10,15,80,0,55,30,15,15,0,0,0,0,0,0,77,12,72,36,18,16,24,60,21,54,26,23,23,21,21,21,21,21,21
2012thru2016,050,05000US42111,"Somerset County, Pennsylvania",42,111,390,65,325,205,0,120,85,110,45,65,0,4,4,0,0,4,0,0,4,139,54,130,113,23,86,72,67,48,49,23,12,12,23,23,23,23,23,23
2012thru2016,050,05000US42113,"Sullivan County, Pennsylvania",42,113,50,0,50,20,10,0,4,30,15,4,15,0,0,0,0,4,0,4,0,23,14,23,15,14,14,9,18,11,1,17,14,14,14,14,2,14,2,14
2012thru2016,050,05000US42115,"Susquehanna County, Pennsylvania",42,115,140,10,130,35,4,4,30,55,25,20,10,15,0,15,0,20,10,0,10,51,19,47,27,3,4,28,29,23,16,13,17,21,17,21,23,19,21,13
2012thru2016,050,05000US42117,"Tioga County, Pennsylvania",42,117,395,4,390,85,15,40,30,135,20,80,30,120,30,30,60,55,0,30,20,113,4,113,45,17,37,23,71,24,56,24,64,29,44,38,43,21,35,27
2012thru2016,050,05000US42119,"Union County, Pennsylvania",42,119,245,40,205,0,0,0,0,140,10,115,15,50,0,50,0,15,10,4,0,121,46,114,21,21,21,21,107,16,102,24,75,21,75,21,17,13,13,21
2012thru2016,050,05000US42121,"Venango County, Pennsylvania",42,121,270,0,270,75,0,0,75,135,70,65,0,50,50,0,0,4,0,0,4,95,23,95,73,23,23,73,78,69,41,23,57,57,23,23,9,23,23,9
2012thru2016,050,05000US42123,"Warren County, Pennsylvania",42,123,260,25,235,60,25,10,25,150,65,85,0,25,0,25,0,0,0,0,0,93,22,96,38,23,24,23,83,52,66,21,42,21,42,21,21,21,21,21
2012thru2016,050,05000US42125,"Washington County, Pennsylvania",42,125,1070,120,955,215,75,85,55,545,250,170,125,115,10,75,30,80,30,45,0,195,71,185,99,78,61,46,148,110,83,80,71,20,62,28,54,35,43,23
2012thru2016,050,05000US42127,"Wayne County, Pennsylvania",42,127,290,60,230,50,0,10,40,135,15,70,45,45,20,10,15,0,0,0,0,111,81,75,41,23,18,40,61,15,52,34,32,18,15,21,23,23,23,23
2012thru2016,050,05000US42129,"Westmoreland County, Pennsylvania",42,129,2325,640,1680,610,105,320,185,945,485,340,120,100,55,0,45,25,25,0,0,390,221,331,195,85,124,102,240,189,114,88,77,65,23,47,42,42,23,23
2012thru2016,050,05000US42131,"Wyoming County, Pennsylvania",42,131,50,4,45,10,0,4,4,25,0,25,0,4,4,0,0,4,0,0,4,27,9,25,14,18,13,8,19,18,19,18,18,18,18,18,10,18,18,10
2012thru2016,050,05000US42133,"York County, Pennsylvania",42,133,2225,350,1875,310,45,110,155,795,245,285,265,680,155,375,155,90,35,50,10,332,127,297,130,44,82,84,187,94,132,111,224,88,170,103,69,39,57,14
2012thru2016,050,05000US44001,"Bristol County, Rhode Island",44,001,385,15,375,40,0,40,0,205,110,35,60,105,25,25,55,20,20,0,0,153,18,152,66,26,66,26,127,78,58,68,63,32,37,50,36,36,26,26
2012thru2016,050,05000US44003,"Kent County, Rhode Island",44,003,770,105,670,80,80,0,0,305,280,25,0,185,35,90,65,100,0,100,0,250,99,223,95,95,29,29,154,149,40,29,126,53,70,74,89,29,89,29
2012thru2016,050,05000US44005,"Newport County, Rhode Island",44,005,555,40,510,50,0,0,50,105,25,70,4,220,25,175,20,140,0,50,95,215,47,205,68,29,29,68,86,40,73,11,164,42,135,32,85,29,54,62
2012thru2016,050,05000US44007,"Providence County, Rhode Island",44,007,8345,860,7485,830,300,450,85,3450,750,1675,1030,2575,890,1280,410,625,415,180,25,680,289,632,229,150,175,69,451,185,306,229,398,212,290,173,255,226,113,32
2012thru2016,050,05000US44009,"Washington County, Rhode Island",44,009,365,0,365,45,0,45,0,20,0,4,15,115,0,65,50,185,45,85,55,159,29,159,73,29,73,29,23,29,10,20,96,29,80,46,108,61,80,29
2012thru2016,050,05000US45001,"Abbeville County, South Carolina",45,001,30,0,30,25,10,0,15,0,0,0,0,0,0,0,0,4,0,0,4,30,22,30,29,16,22,22,22,22,22,22,22,22,22,22,4,22,22,4
2012thru2016,050,05000US45003,"Aiken County, South Carolina",45,003,1120,150,970,155,10,25,120,545,115,205,225,130,65,0,70,135,50,0,85,274,100,270,114,14,38,112,181,84,138,139,92,68,28,63,145,81,28,123
2012thru2016,050,05000US45005,"Allendale County, South Carolina",45,005,50,20,30,0,0,0,0,0,0,0,0,30,4,30,0,0,0,0,0,51,30,43,17,17,17,17,17,17,17,17,43,6,44,17,17,17,17,17
2012thru2016,050,05000US45007,"Anderson County, South Carolina",45,007,1900,405,1495,295,55,185,55,690,150,285,250,330,75,95,160,185,80,30,75,383,182,376,157,59,136,52,263,115,155,147,171,68,77,133,147,111,48,85
2012thru2016,050,05000US45009,"Bamberg County, South Carolina",45,009,95,45,45,15,15,0,0,25,10,0,15,10,4,4,0,0,0,0,0,70,60,34,16,16,19,19,29,15,19,26,13,11,19,19,19,19,19,19
2012thru2016,050,05000US45011,"Barnwell County, South Carolina",45,011,330,25,305,210,105,75,30,75,0,75,0,0,0,0,0,20,0,20,0,164,34,163,143,113,75,43,74,22,74,22,22,22,22,22,35,22,35,22
2012thru2016,050,05000US45013,"Beaufort County, South Carolina",45,013,2955,210,2745,365,0,180,180,795,75,200,520,1130,125,620,385,460,75,205,180,403,161,385,197,28,139,142,215,66,84,191,257,96,189,138,156,66,108,84
2012thru2016,050,05000US45015,"Berkeley County, South Carolina",45,015,1625,55,1570,210,0,60,150,450,75,235,140,770,80,185,505,140,85,0,55,304,50,306,135,28,77,110,142,67,106,75,211,71,105,181,111,93,28,66
2012thru2016,050,05000US45017,"Calhoun County, South Carolina",45,017,0,0,0,0,0,0,0,0,0,0,0,0,0,0,0,0,0,0,0,0,0,0,0,19,19,0,19,19,19,19,19,19,19,19,19,19,19,19
2012thru2016,050,05000US45019,"Charleston County, South Carolina",45,019,6585,335,6250,320,30,120,175,2110,520,900,695,2045,425,980,640,1770,390,450,935,608,131,589,132,32,68,89,315,161,200,224,419,211,297,174,392,183,168,278
2012thru2016,050,05000US45021,"Cherokee County, South Carolina",45,021,710,90,620,160,25,15,120,405,55,190,160,60,60,0,0,0,0,0,0,215,72,209,128,41,16,116,167,63,108,117,68,68,28,28,28,28,28,28
2012thru2016,050,05000US45023,"Chester County, South Carolina",45,023,355,160,190,20,0,20,0,175,25,105,45,0,0,0,0,0,0,0,0,134,80,108,32,25,32,25,102,36,79,42,25,25,25,25,25,25,25,25
2012thru2016,050,05000US45025,"Chesterfield County, South Carolina",45,025,330,100,230,40,0,40,0,160,85,60,15,30,15,15,4,0,0,0,0,128,85,100,36,25,36,25,89,73,49,23,32,24,22,3,25,25,25,25
2012thru2016,050,05000US45027,"Clarendon County, South Carolina",45,027,230,20,210,30,4,4,20,95,0,35,60,60,25,35,0,25,25,0,0,114,29,106,28,2,12,27,84,25,43,71,68,40,58,25,40,40,25,25
2012thru2016,050,05000US45029,"Colleton County, South Carolina",45,029,780,115,665,95,0,40,55,125,4,30,90,35,4,10,20,405,40,180,185,163,117,142,79,25,46,47,77,11,26,74,22,10,14,19,79,27,49,51
2012thru2016,050,05000US45031,"Darlington County, South Carolina",45,031,530,40,485,115,0,85,25,270,20,145,105,105,30,50,25,0,0,0,0,141,47,139,77,28,73,44,108,34,84,76,79,36,54,41,28,28,28,28
2012thru2016,050,05000US45033,"Dillon County, South Carolina",45,033,265,95,175,95,45,25,25,55,25,25,4,20,0,20,0,0,0,0,0,130,67,102,84,63,39,22,54,42,37,10,25,25,25,25,25,25,25,25
2012thru2016,050,05000US45035,"Dorchester County, South Carolina",45,035,1145,100,1045,100,0,65,35,380,90,95,195,445,45,300,100,120,45,20,55,355,89,331,96,28,83,54,202,98,101,145,214,70,181,90,126,70,36,87
2012thru2016,050,05000US45037,"Edgefield County, South Carolina",45,037,125,35,90,80,15,20,45,0,0,0,0,15,15,0,0,0,0,0,0,76,56,52,49,22,25,39,22,22,22,22,23,23,22,22,22,22,22,22
2012thru2016,050,05000US45039,"Fairfield County, South Carolina",45,039,180,50,130,45,0,45,0,85,0,40,45,0,0,0,0,0,0,0,0,106,58,105,71,22,71,22,82,22,58,61,22,22,22,22,22,22,22,22
2012thru2016,050,05000US45041,"Florence County, South Carolina",45,041,1715,45,1670,220,20,140,60,1045,15,530,495,310,95,140,75,95,25,50,20,377,45,380,117,34,92,62,309,24,205,225,172,87,110,85,59,26,47,24
2012thru2016,050,05000US45043,"Georgetown County, South Carolina",45,043,395,25,370,35,0,0,35,80,35,20,25,120,60,4,55,135,25,70,40,139,36,131,28,28,28,28,63,39,25,40,96,82,5,46,80,39,64,26
2012thru2016,050,05000US45045,"Greenville County, South Carolina",45,045,4315,620,3695,475,25,295,150,1560,330,865,370,1335,365,555,415,330,145,60,120,478,190,464,187,32,140,99,325,129,278,144,309,188,183,183,157,117,53,90
2012thru2016,050,05000US45047,"Greenwood County, South Carolina",45,047,985,330,650,145,0,110,40,330,45,240,40,175,55,50,70,0,0,0,0,296,175,247,139,28,131,44,128,52,113,53,152,91,80,83,28,28,28,28
2012thru2016,050,05000US45049,"Hampton County, South Carolina",45,049,175,20,155,35,0,10,20,90,30,30,30,30,10,20,0,0,0,0,0,75,26,73,31,22,21,25,59,45,27,28,32,19,28,22,22,22,22,22
2012thru2016,050,05000US45051,"Horry County, South Carolina",45,051,21040,1230,19810,550,25,220,305,2135,75,875,1185,4430,915,1830,1685,12695,3765,4960,3970,939,254,923,207,40,126,137,335,65,219,263,525,261,339,353,753,416,627,489
2012thru2016,050,05000US45053,"Jasper County, South Carolina",45,053,190,0,190,50,0,0,50,4,0,4,0,90,0,60,30,40,0,40,0,119,22,119,65,22,22,65,17,22,17,22,89,22,75,47,54,22,54,22
2012thru2016,050,05000US45055,"Kershaw County, South Carolina",45,055,190,40,150,80,0,30,50,50,0,0,50,20,20,0,0,0,0,0,0,105,66,83,62,28,39,49,51,28,28,51,35,35,28,28,28,28,28,28
2012thru2016,050,05000US45057,"Lancaster County, South Carolina",45,057,810,260,550,160,0,100,60,325,20,275,30,30,0,30,0,35,0,0,35,267,145,220,115,28,84,62,183,37,165,34,42,28,42,28,59,28,28,59
2012thru2016,050,05000US45059,"Laurens County, South Carolina",45,059,295,155,140,75,0,25,50,35,20,0,10,35,0,35,0,0,0,0,0,123,85,93,71,28,38,60,39,36,28,20,52,28,52,28,28,28,28,28
2012thru2016,050,05000US45061,"Lee County, South Carolina",45,061,125,80,50,4,0,0,4,25,0,0,25,20,0,20,0,0,0,0,0,64,52,43,16,19,19,16,29,19,19,29,33,19,33,19,19,19,19,19
2012thru2016,050,05000US45063,"Lexington County, South Carolina",45,063,2015,265,1755,310,55,150,105,680,55,370,250,580,95,210,275,180,60,100,20,297,124,283,145,62,84,110,180,79,127,121,196,86,114,141,114,76,82,32
2012thru2016,050,05000US45065,"McCormick County, South Carolina",45,065,30,0,30,10,10,0,0,4,4,0,0,15,0,15,0,0,0,0,0,34,17,34,14,14,17,17,15,15,17,17,29,17,29,17,17,17,17,17
2012thru2016,050,05000US45067,"Marion County, South Carolina",45,067,165,4,160,110,0,35,75,50,0,50,0,0,0,0,0,0,0,0,0,106,11,106,93,25,39,86,64,25,64,25,25,25,25,25,25,25,25,25
2012thru2016,050,05000US45069,"Marlboro County, South Carolina",45,069,290,20,275,170,10,65,95,100,10,55,35,0,0,0,0,0,0,0,0,136,30,135,104,18,54,86,82,15,61,51,22,22,22,22,22,22,22,22
2012thru2016,050,05000US45071,"Newberry County, South Carolina",45,071,265,0,265,80,50,25,4,100,0,40,60,30,15,10,4,50,10,45,0,137,25,137,79,71,27,12,83,25,67,53,25,20,14,15,73,15,70,25
2012thru2016,050,05000US45073,"Oconee County, South Carolina",45,073,765,60,705,105,0,40,60,340,90,110,140,145,0,100,45,120,30,0,90,204,51,189,80,28,49,63,134,81,75,107,105,28,96,43,114,47,28,101
2012thru2016,050,05000US45075,"Orangeburg County, South Carolina",45,075,1455,530,925,375,80,115,185,395,55,215,130,135,20,90,25,15,0,15,0,269,134,224,138,81,88,73,153,48,96,118,75,35,60,27,23,28,23,28
2012thru2016,050,05000US45077,"Pickens County, South Carolina",45,077,1075,85,995,330,0,145,185,520,30,315,170,80,0,0,80,65,25,0,40,280,76,268,185,28,118,124,193,47,173,115,76,28,28,76,90,40,28,64
2012thru2016,050,05000US45079,"Richland County, South Carolina",45,079,5820,265,5555,365,45,280,40,2630,455,1565,610,2015,460,1050,505,545,195,85,265,593,120,600,123,51,113,33,446,164,303,233,358,204,291,205,153,88,80,110
2012thru2016,050,05000US45081,"Saluda County, South Carolina",45,081,140,0,140,95,0,35,60,35,0,35,0,10,0,0,10,0,0,0,0,63,22,63,62,22,36,52,31,22,31,22,23,22,22,23,22,22,22,22
2012thru2016,050,05000US45083,"Spartanburg County, South Carolina",45,083,2435,465,1970,310,55,150,105,835,95,375,365,745,195,285,260,85,0,0,85,348,187,310,151,41,104,84,192,74,142,142,194,120,123,127,80,28,28,80
2012thru2016,050,05000US45085,"Sumter County, South Carolina",45,085,755,105,650,120,0,10,105,385,0,135,250,105,25,60,20,40,40,0,0,226,90,217,95,28,21,89,194,28,115,149,68,42,46,33,70,70,28,28
2012thru2016,050,05000US45087,"Union County, South Carolina",45,087,210,10,200,25,0,0,25,175,20,85,70,0,0,0,0,0,0,0,0,105,15,104,28,22,22,28,99,33,71,60,22,22,22,22,22,22,22,22
2012thru2016,050,05000US45089,"Williamsburg County, South Carolina",45,089,225,0,225,135,25,110,0,55,0,20,35,35,0,0,35,0,0,0,0,118,25,118,93,39,76,25,56,25,35,46,42,25,25,42,25,25,25,25
2012thru2016,050,05000US45091,"York County, South Carolina",45,091,1280,240,1040,135,0,120,15,570,155,225,190,310,40,170,100,25,25,0,0,331,134,299,107,28,105,11,226,95,153,124,177,44,142,77,40,40,28,28
2012thru2016,050,05000US46003,"Aurora County, South Dakota",46,003,30,4,25,25,0,25,4,0,0,0,0,0,0,0,0,0,0,0,0,19,3,18,18,9,19,9,9,9,9,9,9,9,9,9,9,9,9,9
2012thru2016,050,05000US46005,"Beadle County, South Dakota",46,005,120,0,120,40,30,4,0,55,0,35,20,25,0,25,0,0,0,0,0,84,15,84,52,53,9,15,49,15,53,34,44,15,44,15,15,15,15,15
2012thru2016,050,05000US46007,"Bennett County, South Dakota",46,007,20,0,20,4,4,0,0,15,4,10,4,0,0,0,0,0,0,0,0,12,9,12,9,9,9,9,10,9,9,9,9,9,9,9,9,9,9,9
2012thru2016,050,05000US46009,"Bon Homme County, South Dakota",46,009,35,4,30,15,15,0,0,15,15,0,0,0,0,0,0,0,0,0,0,20,10,18,12,12,13,13,17,17,13,13,13,13,13,13,13,13,13,13
2012thru2016,050,05000US46011,"Brookings County, South Dakota",46,011,320,0,320,105,0,50,55,120,40,50,30,95,4,35,55,0,0,0,0,199,20,199,101,20,73,75,94,54,68,35,103,7,54,91,20,20,20,20
2012thru2016,050,05000US46013,"Brown County, South Dakota",46,013,275,30,245,50,10,45,0,185,130,55,0,10,10,0,0,0,0,0,0,141,45,133,56,13,54,20,123,100,73,20,13,13,20,20,20,20,20,20
2012thru2016,050,05000US46015,"Brule County, South Dakota",46,015,0,0,0,0,0,0,0,0,0,0,0,0,0,0,0,0,0,0,0,0,0,0,0,13,0,13,13,13,13,13,13,13,13,13,13,13,13,13
2012thru2016,050,05000US46017,"Buffalo County, South Dakota",46,017,15,0,15,15,4,4,4,0,0,0,0,0,0,0,0,0,0,0,0,15,9,15,15,13,10,3,9,9,9,9,9,9,9,9,9,9,9,9
2012thru2016,050,05000US46019,"Butte County, South Dakota",46,019,0,0,0,0,0,0,0,0,0,0,0,0,0,0,0,0,0,0,0,15,15,15,15,15,15,15,15,15,15,15,15,15,15,15,15,15,15,15
2012thru2016,050,05000US46021,"Campbell County, South Dakota",46,021,0,0,0,0,0,0,0,0,0,0,0,0,0,0,0,0,0,0,0,0,0,9,9,9,9,9,9,9,9,9,9,9,9,9,9,9,9,9
2012thru2016,050,05000US46023,"Charles Mix County, South Dakota",46,023,90,15,80,55,10,15,30,25,4,4,10,0,0,0,0,0,0,0,0,36,19,28,21,13,13,18,18,15,10,15,13,13,13,13,13,13,13,13
2012thru2016,050,05000US46025,"Clark County, South Dakota",46,025,35,4,35,10,10,0,0,20,10,10,0,0,0,0,0,0,0,0,0,27,1,28,19,19,9,9,21,14,18,9,9,9,9,9,9,9,9,9
2012thru2016,050,05000US46027,"Clay County, South Dakota",46,027,50,0,50,4,0,4,0,50,35,10,0,0,0,0,0,0,0,0,0,57,15,57,15,15,15,15,55,52,24,15,15,15,15,15,15,15,15,15
2012thru2016,050,05000US46029,"Codington County, South Dakota",46,029,130,0,130,30,4,0,25,100,0,10,90,0,0,0,0,0,0,0,0,89,17,89,31,4,17,32,84,17,15,83,17,17,17,17,17,17,17,17
2012thru2016,050,05000US46031,"Corson County, South Dakota",46,031,15,4,10,10,4,4,4,0,0,0,0,0,0,0,0,0,0,0,0,10,4,11,11,1,9,8,9,9,9,9,9,9,9,9,9,9,9,9
2012thru2016,050,05000US46033,"Custer County, South Dakota",46,033,0,0,0,0,0,0,0,0,0,0,0,0,0,0,0,0,0,0,0,0,13,0,0,13,13,0,0,13,0,13,13,13,13,13,13,13,13,13
2012thru2016,050,05000US46035,"Davison County, South Dakota",46,035,35,4,25,20,0,15,4,4,4,0,4,0,0,0,0,0,0,0,0,26,14,26,27,15,24,10,11,8,15,3,15,15,15,15,15,15,15,15
2012thru2016,050,05000US46037,"Day County, South Dakota",46,037,30,4,20,10,0,10,4,10,10,0,0,0,0,0,0,4,0,0,4,18,10,18,17,13,13,13,14,14,13,13,13,13,13,13,3,13,13,3
2012thru2016,050,05000US46039,"Deuel County, South Dakota",46,039,55,0,55,55,10,25,20,0,0,0,0,0,0,0,0,0,0,0,0,28,9,28,28,15,22,20,9,9,9,9,9,9,9,9,9,9,9,9
2012thru2016,050,05000US46041,"Dewey County, South Dakota",46,041,30,0,30,25,10,4,10,4,4,4,0,0,0,0,0,0,0,0,0,12,13,12,12,8,13,10,7,2,2,13,13,13,13,13,13,13,13,13
2012thru2016,050,05000US46043,"Douglas County, South Dakota",46,043,20,4,20,10,0,0,10,0,0,0,0,10,10,0,0,0,0,0,0,19,5,23,13,9,9,13,9,9,9,9,14,14,9,9,9,9,9,9
2012thru2016,050,05000US46045,"Edmunds County, South Dakota",46,045,25,0,25,10,10,4,0,15,15,0,0,0,0,0,0,0,0,0,0,24,9,24,18,14,7,9,19,19,9,9,9,9,9,9,9,9,9,9
2012thru2016,050,05000US46047,"Fall River County, South Dakota",46,047,125,0,125,15,15,0,0,65,30,0,35,45,30,20,0,0,0,0,0,74,13,74,17,17,13,13,54,36,13,35,51,42,31,13,13,13,13,13
2012thru2016,050,05000US46049,"Faulk County, South Dakota",46,049,0,0,0,0,0,0,0,0,0,0,0,0,0,0,0,0,0,0,0,0,9,0,0,0,0,9,9,9,9,9,9,9,9,9,9,9,9,9
2012thru2016,050,05000US46051,"Grant County, South Dakota",46,051,0,0,0,0,0,0,0,0,0,0,0,0,0,0,0,0,0,0,0,13,13,13,13,13,13,13,13,13,13,13,13,13,13,13,13,13,13,13
2012thru2016,050,05000US46053,"Gregory County, South Dakota",46,053,20,10,10,10,4,4,4,0,0,0,0,0,0,0,0,0,0,0,0,16,13,13,13,10,3,3,9,9,9,9,9,9,9,9,9,9,9,9
2012thru2016,050,05000US46055,"Haakon County, South Dakota",46,055,25,0,25,10,0,4,10,10,4,4,0,4,4,0,0,0,0,0,0,20,9,20,15,9,1,13,13,4,12,9,7,7,9,9,9,9,9,9
2012thru2016,050,05000US46057,"Hamlin County, South Dakota",46,057,0,0,0,0,0,0,0,0,0,0,0,0,0,0,0,0,0,0,0,0,13,0,13,13,13,13,0,0,13,13,13,13,13,13,13,13,13,13
2012thru2016,050,05000US46059,"Hand County, South Dakota",46,059,0,0,0,0,0,0,0,0,0,0,0,0,0,0,0,0,0,0,0,0,0,0,0,9,9,0,9,9,9,9,9,9,9,9,9,9,9,9
2012thru2016,050,05000US46061,"Hanson County, South Dakota",46,061,0,0,0,0,0,0,0,0,0,0,0,0,0,0,0,0,0,0,0,0,9,0,0,9,0,0,9,9,9,9,9,9,9,9,9,9,9,9
2012thru2016,050,05000US46063,"Harding County, South Dakota",46,063,0,0,0,0,0,0,0,0,0,0,0,0,0,0,0,0,0,0,0,0,9,0,0,9,0,9,9,9,9,9,9,9,9,9,9,9,9,9
2012thru2016,050,05000US46065,"Hughes County, South Dakota",46,065,155,20,135,90,35,35,20,45,25,20,0,0,0,0,0,0,0,0,0,80,32,71,61,49,35,39,53,40,33,15,15,15,15,15,15,15,15,15
2012thru2016,050,05000US46067,"Hutchinson County, South Dakota",46,067,40,0,40,40,20,4,10,0,0,0,0,0,0,0,0,0,0,0,0,28,13,28,28,25,15,13,13,13,13,13,13,13,13,13,13,13,13,13
2012thru2016,050,05000US46069,"Hyde County, South Dakota",46,069,0,0,0,0,0,0,0,0,0,0,0,0,0,0,0,0,0,0,0,0,9,0,0,9,0,9,9,9,9,9,9,9,9,9,9,9,9,9
2012thru2016,050,05000US46071,"Jackson County, South Dakota",46,071,20,0,20,20,4,4,10,0,0,0,0,0,0,0,0,0,0,0,0,14,9,14,14,10,7,13,9,9,9,9,9,9,9,9,9,9,9,9
2012thru2016,050,05000US46073,"Jerauld County, South Dakota",46,073,0,0,0,0,0,0,0,0,0,0,0,0,0,0,0,0,0,0,0,0,9,0,0,9,0,9,0,0,9,9,9,9,9,9,9,9,9,9
2012thru2016,050,05000US46075,"Jones County, South Dakota",46,075,0,0,0,0,0,0,0,0,0,0,0,0,0,0,0,0,0,0,0,9,9,9,9,9,9,9,9,9,9,9,9,9,9,9,9,9,9,9
2012thru2016,050,05000US46077,"Kingsbury County, South Dakota",46,077,0,0,0,0,0,0,0,0,0,0,0,0,0,0,0,0,0,0,0,0,13,0,13,13,13,13,0,13,0,13,13,13,13,13,13,13,13,13
2012thru2016,050,05000US46079,"Lake County, South Dakota",46,079,85,0,85,4,4,0,0,40,40,0,0,40,0,0,40,0,0,0,0,84,15,84,15,15,15,15,60,60,15,15,61,15,15,61,15,15,15,15
2012thru2016,050,05000US46081,"Lawrence County, South Dakota",46,081,295,25,270,90,0,50,35,100,45,30,25,50,0,4,40,30,0,30,0,159,41,153,106,17,77,47,88,71,40,41,69,17,15,68,44,17,44,17
2012thru2016,050,05000US46083,"Lincoln County, South Dakota",46,083,190,0,190,30,4,15,10,100,45,35,15,60,15,45,0,0,0,0,0,122,22,122,29,2,21,20,95,70,60,25,73,26,68,22,22,22,22,22
2012thru2016,050,05000US46085,"Lyman County, South Dakota",46,085,40,10,30,15,4,0,10,0,0,0,0,15,15,0,0,0,0,0,0,23,14,17,12,11,9,11,9,9,9,9,17,17,9,9,9,9,9,9
2012thru2016,050,05000US46087,"McCook County, South Dakota",46,087,65,10,55,50,10,30,10,10,10,0,0,0,0,0,0,0,0,0,0,35,13,33,29,14,22,14,14,14,13,13,13,13,13,13,13,13,13,13
2012thru2016,050,05000US46089,"McPherson County, South Dakota",46,089,25,4,20,0,0,0,0,10,0,10,0,0,0,0,0,10,0,0,10,24,4,21,9,9,9,9,16,9,16,9,9,9,9,9,14,9,9,14
2012thru2016,050,05000US46091,"Marshall County, South Dakota",46,091,35,0,35,4,0,4,4,30,15,15,0,0,0,0,0,0,0,0,0,22,9,22,9,9,9,3,22,15,19,9,9,9,9,9,9,9,9,9
2012thru2016,050,05000US46093,"Meade County, South Dakota",46,093,130,0,130,0,0,0,0,40,4,35,0,90,0,75,20,0,0,0,0,84,17,84,17,17,17,17,55,8,54,17,66,17,54,33,17,17,17,17
2012thru2016,050,05000US46095,"Mellette County, South Dakota",46,095,20,4,15,15,0,4,10,0,0,0,0,0,0,0,0,0,0,0,0,14,9,16,16,9,10,13,9,9,9,9,9,9,9,9,9,9,9,9
2012thru2016,050,05000US46097,"Miner County, South Dakota",46,097,0,0,0,0,0,0,0,0,0,0,0,0,0,0,0,0,0,0,0,0,9,0,9,9,9,9,9,9,9,9,9,9,9,9,0,0,9,9
2012thru2016,050,05000US46099,"Minnehaha County, South Dakota",46,099,1450,145,1305,155,35,115,4,830,345,425,60,310,50,185,75,15,0,0,15,338,120,303,115,47,107,9,243,170,198,64,172,58,134,79,25,22,22,25
2012thru2016,050,05000US46101,"Moody County, South Dakota",46,101,60,4,60,45,4,20,15,4,0,4,0,15,0,15,0,0,0,0,0,38,4,38,33,10,24,20,4,13,4,13,23,13,23,13,13,13,13,13
2012thru2016,050,05000US46102,"Oglala Lakota County, South Dakota",46,102,50,10,45,35,10,10,15,0,0,0,0,10,0,10,0,0,0,0,0,39,14,34,29,14,15,19,15,15,15,15,16,15,16,15,15,15,15,15
2012thru2016,050,05000US46103,"Pennington County, South Dakota",46,103,780,130,650,55,0,40,15,310,60,165,80,230,10,90,125,60,4,45,10,229,110,214,63,22,57,24,150,60,108,80,117,14,60,97,75,20,72,13
2012thru2016,050,05000US46105,"Perkins County, South Dakota",46,105,0,0,0,0,0,0,0,0,0,0,0,0,0,0,0,0,0,0,0,0,9,0,0,9,0,9,0,0,9,9,9,9,9,9,9,9,9,9
2012thru2016,050,05000US46107,"Potter County, South Dakota",46,107,0,0,0,0,0,0,0,0,0,0,0,0,0,0,0,0,0,0,0,0,9,0,0,0,9,9,9,9,9,9,9,9,9,9,9,9,9,9
2012thru2016,050,05000US46109,"Roberts County, South Dakota",46,109,95,0,95,40,4,10,20,25,25,0,4,20,4,0,15,15,4,10,0,27,15,27,20,11,12,15,15,16,15,5,14,3,15,12,14,3,13,15
2012thru2016,050,05000US46111,"Sanborn County, South Dakota",46,111,0,0,0,0,0,0,0,0,0,0,0,0,0,0,0,0,0,0,0,0,0,0,0,9,9,0,9,9,9,9,9,9,9,9,9,9,9,9
2012thru2016,050,05000US46115,"Spink County, South Dakota",46,115,35,0,35,30,15,10,4,4,4,0,0,0,0,0,0,0,0,0,0,29,13,29,28,23,18,13,9,9,13,13,13,13,13,13,13,13,13,13
2012thru2016,050,05000US46117,"Stanley County, South Dakota",46,117,0,0,0,0,0,0,0,0,0,0,0,0,0,0,0,0,0,0,0,0,9,0,9,9,9,9,0,0,9,9,9,9,9,9,9,9,9,9
2012thru2016,050,05000US46119,"Sully County, South Dakota",46,119,20,0,20,10,10,0,0,10,0,10,0,0,0,0,0,0,0,0,0,18,9,18,16,16,9,9,14,9,14,9,9,9,9,9,9,9,9,9
2012thru2016,050,05000US46121,"Todd County, South Dakota",46,121,85,4,80,30,4,4,20,30,10,10,10,15,4,4,4,4,0,4,0,30,11,31,25,18,3,19,21,15,10,15,11,15,9,10,1,15,1,15
2012thru2016,050,05000US46123,"Tripp County, South Dakota",46,123,70,4,65,40,4,20,15,25,25,0,0,0,0,0,0,0,0,0,0,58,12,56,41,13,32,28,40,40,13,13,13,13,13,13,13,13,13,13
2012thru2016,050,05000US46125,"Turner County, South Dakota",46,125,70,0,70,50,4,25,15,20,20,0,0,0,0,0,0,0,0,0,0,33,13,33,28,10,20,20,22,22,13,13,13,13,13,13,13,13,13,13
2012thru2016,050,05000US46127,"Union County, South Dakota",46,127,200,10,190,40,15,25,0,70,0,0,70,85,75,10,0,0,0,0,0,101,15,103,33,27,24,15,89,15,15,89,70,68,14,15,15,15,15,15
2012thru2016,050,05000US46129,"Walworth County, South Dakota",46,129,65,0,65,35,0,10,25,25,0,0,25,0,0,0,0,4,0,0,4,39,13,39,28,13,15,23,33,13,13,33,13,13,13,13,20,13,13,20
2012thru2016,050,05000US46135,"Yankton County, South Dakota",46,135,185,20,165,20,0,20,0,120,30,90,0,25,4,20,0,0,0,0,0,110,35,108,34,17,34,17,101,43,95,17,35,9,33,17,17,17,17,17
2012thru2016,050,05000US46137,"Ziebach County, South Dakota",46,137,25,4,25,10,0,10,4,10,0,10,0,0,0,0,0,0,0,0,0,12,9,16,10,9,12,9,9,9,9,9,9,9,9,9,9,9,9,9
2012thru2016,050,05000US47001,"Anderson County, Tennessee",47,001,680,120,560,200,0,180,20,340,115,185,40,15,0,0,15,0,0,0,0,198,90,184,101,28,98,35,143,77,116,45,29,28,28,29,28,28,28,28
2012thru2016,050,05000US47003,"Bedford County, Tennessee",47,003,565,170,395,0,0,0,0,170,55,45,70,215,45,120,50,10,10,0,0,215,132,179,25,25,25,25,128,62,62,89,147,86,94,59,13,13,25,25
2012thru2016,050,05000US47005,"Benton County, Tennessee",47,005,0,0,0,0,0,0,0,0,0,0,0,0,0,0,0,0,0,0,0,0,19,0,0,19,0,19,0,0,19,19,19,19,19,19,19,19,19,19
2012thru2016,050,05000US47007,"Bledsoe County, Tennessee",47,007,75,10,65,40,10,20,10,25,15,10,0,0,0,0,0,0,0,0,0,45,16,39,33,14,23,23,29,23,20,19,19,19,19,19,19,19,19,19
2012thru2016,050,05000US47009,"Blount County, Tennessee",47,009,685,0,685,225,15,125,85,310,80,225,10,80,20,50,10,70,0,70,0,239,28,239,137,23,110,86,168,90,152,14,67,35,59,16,72,28,72,28
2012thru2016,050,05000US47011,"Bradley County, Tennessee",47,011,700,4,690,110,65,0,50,280,15,160,100,270,25,220,25,30,20,0,10,219,13,218,99,67,28,76,124,31,105,79,154,41,144,40,38,37,28,14
2012thru2016,050,05000US47013,"Campbell County, Tennessee",47,013,430,50,385,115,45,25,45,245,50,180,15,25,25,0,0,0,0,0,0,181,57,172,80,56,30,67,147,76,126,23,40,40,25,25,25,25,25,25
2012thru2016,050,05000US47015,"Cannon County, Tennessee",47,015,0,0,0,0,0,0,0,0,0,0,0,0,0,0,0,0,0,0,0,0,0,0,19,19,19,19,0,0,19,19,19,19,19,19,19,19,19,19
2012thru2016,050,05000US47017,"Carroll County, Tennessee",47,017,250,10,240,55,0,35,20,140,0,60,75,25,25,0,0,25,25,0,0,142,16,141,48,22,38,34,114,22,70,79,40,40,22,22,38,38,22,22
2012thru2016,050,05000US47019,"Carter County, Tennessee",47,019,315,0,315,50,10,10,25,230,45,105,80,35,0,15,25,0,0,0,0,147,28,147,50,17,14,40,133,52,86,73,41,28,24,36,28,28,28,28
2012thru2016,050,05000US47021,"Cheatham County, Tennessee",47,021,155,0,155,35,0,0,35,60,15,45,0,65,0,40,25,0,0,0,0,114,25,114,51,25,25,51,58,29,51,25,72,25,62,35,25,25,25,25
2012thru2016,050,05000US47023,"Chester County, Tennessee",47,023,0,0,0,0,0,0,0,0,0,0,0,0,0,0,0,0,0,0,0,0,19,0,0,19,0,19,19,19,19,19,19,19,19,19,19,19,19,19
2012thru2016,050,05000US47025,"Claiborne County, Tennessee",47,025,195,20,170,0,0,0,0,145,15,130,0,25,15,10,0,0,0,0,0,92,37,87,25,25,25,25,85,22,82,25,31,27,17,25,25,25,25,25
2012thru2016,050,05000US47027,"Clay County, Tennessee",47,027,60,10,50,50,0,50,0,0,0,0,0,0,0,0,0,0,0,0,0,45,15,42,42,17,42,17,17,17,17,17,17,17,17,17,17,17,17,17
2012thru2016,050,05000US47029,"Cocke County, Tennessee",47,029,285,4,280,40,0,40,0,185,0,40,145,55,0,0,55,0,0,0,0,158,9,157,65,25,65,25,127,25,51,114,56,25,25,56,25,25,25,25
2012thru2016,050,05000US47031,"Coffee County, Tennessee",47,031,225,25,195,55,0,55,0,125,65,35,30,15,0,0,15,0,0,0,0,106,42,98,60,28,60,28,79,60,51,43,24,28,28,24,28,28,28,28
2012thru2016,050,05000US47033,"Crockett County, Tennessee",47,033,30,0,30,20,0,15,4,15,0,15,0,0,0,0,0,0,0,0,0,26,19,26,17,19,17,9,22,19,22,19,19,19,19,19,19,19,19,19
2012thru2016,050,05000US47035,"Cumberland County, Tennessee",47,035,400,0,400,35,0,20,15,200,85,20,95,160,0,140,20,4,0,4,0,168,28,168,35,28,28,23,121,81,35,94,107,28,100,35,10,28,10,28
2012thru2016,050,05000US47037,"Davidson County, Tennessee",47,037,6605,555,6045,605,80,400,125,2750,945,1430,375,1690,630,675,390,1000,560,340,100,712,203,639,197,76,150,87,380,248,264,147,349,204,216,171,301,211,186,99
2012thru2016,050,05000US47039,"Decatur County, Tennessee",47,039,30,15,15,4,0,4,0,10,10,0,0,0,0,0,0,0,0,0,0,35,31,17,10,19,10,19,13,13,19,19,19,19,19,19,19,19,19,19
2012thru2016,050,05000US47041,"DeKalb County, Tennessee",47,041,175,20,155,4,0,4,0,70,0,20,50,80,4,75,0,0,0,0,0,131,32,124,3,19,3,19,82,19,36,78,90,7,91,19,19,19,19,19
2012thru2016,050,05000US47043,"Dickson County, Tennessee",47,043,280,60,215,75,0,35,35,110,0,100,10,35,0,0,35,0,0,0,0,151,88,125,68,28,52,47,93,28,91,14,56,28,28,56,28,28,28,28
2012thru2016,050,05000US47045,"Dyer County, Tennessee",47,045,335,95,240,35,0,35,0,70,15,0,60,135,15,60,60,0,0,0,0,167,102,137,55,25,55,25,80,24,25,76,91,25,80,76,25,25,25,25
2012thru2016,050,05000US47047,"Fayette County, Tennessee",47,047,65,0,65,30,0,30,0,30,0,25,4,4,0,0,4,0,0,0,0,56,25,56,49,25,49,25,25,25,25,12,3,25,25,3,25,25,25,25
2012thru2016,050,05000US47049,"Fentress County, Tennessee",47,049,170,65,105,45,0,30,20,55,0,30,25,0,0,0,0,0,0,0,0,98,63,68,55,19,44,33,45,19,30,29,19,19,19,19,19,19,19,19
2012thru2016,050,05000US47051,"Franklin County, Tennessee",47,051,255,0,255,120,30,75,20,100,0,75,25,0,0,0,0,35,25,0,15,121,25,121,82,34,71,29,76,25,70,34,25,25,25,25,43,40,25,23
2012thru2016,050,05000US47053,"Gibson County, Tennessee",47,053,395,170,220,30,0,25,4,160,40,40,80,30,30,0,0,0,0,0,0,173,124,135,26,25,27,8,123,63,49,82,52,52,25,25,25,25,25,25
2012thru2016,050,05000US47055,"Giles County, Tennessee",47,055,370,105,265,80,30,15,35,150,85,45,20,35,0,0,35,0,0,0,0,148,94,143,76,52,20,53,107,81,61,25,57,22,22,57,22,22,22,22
2012thru2016,050,05000US47057,"Grainger County, Tennessee",47,057,105,0,105,35,0,35,0,70,0,30,35,0,0,0,0,0,0,0,0,89,22,89,55,22,55,22,68,22,35,58,22,22,22,22,22,22,22,22
2012thru2016,050,05000US47059,"Greene County, Tennessee",47,059,540,80,455,0,0,0,0,285,0,245,35,175,65,65,45,0,0,0,0,226,87,204,28,28,28,28,159,28,159,43,122,72,74,61,28,28,28,28
2012thru2016,050,05000US47061,"Grundy County, Tennessee",47,061,130,4,125,10,0,0,10,85,10,60,10,10,0,0,10,20,20,0,0,64,12,61,19,19,19,19,49,12,43,14,15,19,19,15,29,29,19,19
2012thru2016,050,05000US47063,"Hamblen County, Tennessee",47,063,650,75,580,35,0,35,0,300,50,225,25,130,0,55,75,115,40,0,70,258,67,249,57,28,57,28,183,58,167,40,127,28,78,78,103,65,28,79
2012thru2016,050,05000US47065,"Hamilton County, Tennessee",47,065,5135,255,4880,430,90,95,250,2080,645,1055,385,1945,870,900,175,420,180,65,175,593,149,580,167,64,67,129,398,232,276,174,364,268,243,119,223,135,59,148
2012thru2016,050,05000US47067,"Hancock County, Tennessee",47,067,45,15,30,25,0,0,25,4,0,4,0,0,0,0,0,0,0,0,0,41,16,37,36,17,17,36,10,17,10,17,17,17,17,17,17,17,17,17
2012thru2016,050,05000US47069,"Hardeman County, Tennessee",47,069,155,35,120,10,4,4,0,80,0,55,25,35,0,35,0,0,0,0,0,81,56,79,13,4,11,22,68,22,57,40,46,22,46,22,22,22,22,22
2012thru2016,050,05000US47071,"Hardin County, Tennessee",47,071,130,0,130,30,0,0,30,20,0,20,0,80,80,0,0,0,0,0,0,102,22,102,48,22,22,48,31,22,31,22,88,88,22,22,22,22,22,22
2012thru2016,050,05000US47073,"Hawkins County, Tennessee",47,073,405,30,375,120,0,120,0,235,0,140,90,20,0,20,4,0,0,0,0,238,35,241,111,28,111,28,170,28,124,96,31,28,33,28,28,28,28,28
2012thru2016,050,05000US47075,"Haywood County, Tennessee",47,075,195,65,130,30,30,0,0,80,0,35,45,15,4,0,10,0,0,0,0,88,57,79,52,52,19,19,64,19,44,48,23,10,19,20,19,19,19,19
2012thru2016,050,05000US47077,"Henderson County, Tennessee",47,077,380,40,335,95,0,95,0,145,0,145,0,95,0,45,50,4,0,4,0,182,61,166,93,22,93,22,131,22,131,22,103,22,71,77,5,22,5,22
2012thru2016,050,05000US47079,"Henry County, Tennessee",47,079,235,40,195,60,40,0,20,85,45,40,0,50,0,0,50,0,0,0,0,137,35,123,70,62,25,32,77,60,46,25,67,25,25,67,25,25,25,25
2012thru2016,050,05000US47081,"Hickman County, Tennessee",47,081,90,40,55,0,0,0,0,15,0,0,15,40,0,0,40,0,0,0,0,76,61,50,22,22,22,22,23,22,22,23,40,22,22,40,22,22,22,22
2012thru2016,050,05000US47083,"Houston County, Tennessee",47,083,30,0,30,4,0,0,4,4,0,0,4,0,0,0,0,20,10,0,4,23,17,23,10,17,17,10,8,17,17,8,17,17,17,17,22,19,17,13
2012thru2016,050,05000US47085,"Humphreys County, Tennessee",47,085,145,0,145,50,10,40,0,0,0,0,0,100,15,80,0,0,0,0,0,89,19,89,65,14,65,19,19,19,19,19,61,30,65,19,19,19,19,19
2012thru2016,050,05000US47087,"Jackson County, Tennessee",47,087,100,20,80,65,0,40,25,4,0,4,0,4,4,0,0,0,0,0,0,46,30,42,39,19,31,26,10,19,10,19,10,10,19,19,19,19,19,19
2012thru2016,050,05000US47089,"Jefferson County, Tennessee",47,089,235,15,225,25,0,0,25,155,45,105,4,45,4,20,15,0,0,0,0,139,23,136,42,28,28,42,117,56,99,8,45,11,37,25,28,28,28,28
2012thru2016,050,05000US47091,"Johnson County, Tennessee",47,091,0,0,0,0,0,0,0,0,0,0,0,0,0,0,0,0,0,0,0,0,19,0,0,19,0,19,0,19,0,19,19,19,19,19,19,19,19,19
2012thru2016,050,05000US47093,"Knox County, Tennessee",47,093,3715,565,3150,440,85,255,100,1365,420,485,460,995,540,345,105,350,75,105,170,553,195,540,160,70,136,80,342,205,173,196,303,238,168,88,184,85,90,124
2012thru2016,050,05000US47095,"Lake County, Tennessee",47,095,85,30,55,55,40,15,0,0,0,0,0,0,0,0,0,0,0,0,0,52,30,44,44,39,23,17,17,17,17,17,17,17,17,17,17,17,17,17
2012thru2016,050,05000US47097,"Lauderdale County, Tennessee",47,097,385,85,300,95,0,50,45,165,10,90,65,40,20,15,0,0,0,0,0,132,60,115,68,22,46,48,84,17,63,48,43,32,30,22,22,22,22,22
2012thru2016,050,05000US47099,"Lawrence County, Tennessee",47,099,185,70,115,30,0,15,10,55,0,55,0,35,25,0,4,0,0,0,0,100,60,88,33,25,30,19,59,25,59,25,45,42,25,16,25,25,25,25
2012thru2016,050,05000US47101,"Lewis County, Tennessee",47,101,0,0,0,0,0,0,0,0,0,0,0,0,0,0,0,0,0,0,0,0,19,0,0,19,0,19,19,19,19,19,19,19,19,19,19,19,19,19
2012thru2016,050,05000US47103,"Lincoln County, Tennessee",47,103,0,0,0,0,0,0,0,0,0,0,0,0,0,0,0,0,0,0,0,0,25,0,25,25,25,25,0,0,25,0,25,25,25,25,25,25,25,25
2012thru2016,050,05000US47105,"Loudon County, Tennessee",47,105,260,70,185,50,40,0,10,85,0,25,60,50,35,15,0,0,0,0,0,111,81,113,72,62,28,22,75,28,33,68,61,57,23,28,28,28,28,28
2012thru2016,050,05000US47107,"McMinn County, Tennessee",47,107,490,35,455,70,0,70,0,275,15,220,40,105,0,90,10,4,0,0,4,210,56,209,79,28,79,28,148,28,134,65,89,28,86,15,14,28,28,14
2012thru2016,050,05000US47109,"McNairy County, Tennessee",47,109,0,0,0,0,0,0,0,0,0,0,0,0,0,0,0,0,0,0,0,0,22,0,0,22,0,22,22,22,22,22,22,22,22,22,22,22,22,22
2012thru2016,050,05000US47111,"Macon County, Tennessee",47,111,45,0,45,10,10,0,0,35,0,10,25,0,0,0,0,0,0,0,0,38,22,38,15,15,22,22,36,22,13,32,22,22,22,22,22,22,22,22
2012thru2016,050,05000US47113,"Madison County, Tennessee",47,113,1360,65,1295,185,15,115,55,760,75,530,155,275,45,170,60,80,60,20,0,288,48,283,106,32,80,63,220,83,174,76,136,52,125,47,80,62,34,28
2012thru2016,050,05000US47115,"Marion County, Tennessee",47,115,310,65,245,85,0,25,60,155,10,80,65,10,0,10,0,0,0,0,0,132,64,98,74,22,28,70,77,14,55,47,13,22,13,22,22,22,22,22
2012thru2016,050,05000US47117,"Marshall County, Tennessee",47,117,160,15,150,25,25,0,0,60,35,25,0,60,25,35,0,0,0,0,0,98,22,97,39,39,25,25,59,53,28,25,69,40,54,25,25,25,25,25
2012thru2016,050,05000US47119,"Maury County, Tennessee",47,119,570,85,485,140,0,50,90,255,25,160,70,90,0,45,45,0,0,0,0,223,78,207,100,28,53,86,145,43,112,52,99,28,70,69,28,28,28,28
2012thru2016,050,05000US47121,"Meigs County, Tennessee",47,121,125,25,105,55,4,50,0,0,0,0,0,50,20,30,0,0,0,0,0,81,36,72,53,3,52,19,19,19,19,19,56,35,45,19,19,19,19,19
2012thru2016,050,05000US47123,"Monroe County, Tennessee",47,123,435,55,385,45,0,0,45,295,45,150,100,45,0,45,0,0,0,0,0,193,76,158,55,25,25,55,142,54,112,96,56,25,56,25,25,25,25,25
2012thru2016,050,05000US47125,"Montgomery County, Tennessee",47,125,3820,110,3715,220,40,65,115,1240,150,745,340,1835,280,845,710,420,50,130,240,461,73,450,108,45,59,93,303,74,224,190,330,152,239,205,177,74,119,127
2012thru2016,050,05000US47127,"Moore County, Tennessee",47,127,90,0,90,45,0,45,0,50,0,0,50,0,0,0,0,0,0,0,0,69,17,69,50,17,50,17,45,17,17,45,17,17,17,17,17,17,17,17
2012thru2016,050,05000US47129,"Morgan County, Tennessee",47,129,185,65,120,40,4,0,40,75,4,55,10,0,0,0,0,4,0,4,0,81,58,69,43,4,22,43,55,17,52,15,22,22,22,22,10,22,10,22
2012thru2016,050,05000US47131,"Obion County, Tennessee",47,131,430,70,355,85,10,50,25,190,45,90,55,85,25,20,40,0,0,0,0,159,57,160,61,14,47,32,121,53,92,57,83,45,31,63,25,25,25,25
2012thru2016,050,05000US47133,"Overton County, Tennessee",47,133,215,55,155,120,0,90,25,40,0,0,40,0,0,0,0,0,0,0,0,126,52,109,95,22,84,43,62,22,22,62,22,22,22,22,22,22,22,22
2012thru2016,050,05000US47135,"Perry County, Tennessee",47,135,80,40,45,4,0,4,0,35,0,35,0,0,0,0,0,0,0,0,0,56,49,31,11,17,11,17,28,17,28,17,17,17,17,17,17,17,17,17
2012thru2016,050,05000US47137,"Pickett County, Tennessee",47,137,90,4,85,40,25,15,0,40,0,40,0,0,0,0,0,0,0,0,0,73,11,72,31,23,18,17,65,17,65,17,17,17,17,17,17,17,17,17
2012thru2016,050,05000US47139,"Polk County, Tennessee",47,139,230,30,200,65,4,55,10,125,4,75,50,10,0,10,0,0,0,0,0,91,28,88,46,1,44,14,79,9,65,45,12,19,12,19,19,19,19,19
2012thru2016,050,05000US47141,"Putnam County, Tennessee",47,141,705,65,640,150,50,80,15,360,50,265,45,130,20,75,35,0,0,0,0,217,69,205,107,82,75,18,142,60,127,59,97,25,77,56,28,28,28,28
2012thru2016,050,05000US47143,"Rhea County, Tennessee",47,143,235,10,225,45,0,0,45,110,0,90,15,25,0,25,0,45,0,15,35,96,14,101,47,25,25,47,76,25,71,28,38,25,38,25,48,25,23,44
2012thru2016,050,05000US47145,"Roane County, Tennessee",47,145,750,140,610,90,0,45,45,470,140,280,50,50,0,50,0,0,0,0,0,276,88,244,96,28,76,58,215,156,138,74,75,28,75,28,28,28,28,28
2012thru2016,050,05000US47147,"Robertson County, Tennessee",47,147,200,20,180,75,20,55,0,65,65,0,0,40,0,0,40,0,0,0,0,109,36,101,63,39,54,28,73,73,28,28,36,28,28,36,28,28,28,28
2012thru2016,050,05000US47149,"Rutherford County, Tennessee",47,149,2040,275,1765,230,20,80,135,975,175,395,405,490,170,165,150,65,35,0,35,382,141,346,117,31,74,92,256,155,180,169,204,120,120,110,75,55,28,53
2012thru2016,050,05000US47151,"Scott County, Tennessee",47,151,255,20,230,80,40,40,0,150,10,90,55,0,0,0,0,0,0,0,0,115,36,110,71,62,41,22,89,15,64,65,22,22,22,22,22,22,22,22
2012thru2016,050,05000US47153,"Sequatchie County, Tennessee",47,153,0,0,0,0,0,0,0,0,0,0,0,0,0,0,0,0,0,0,0,0,19,0,0,19,19,0,0,19,0,19,19,19,19,19,19,19,19,19
2012thru2016,050,05000US47155,"Sevier County, Tennessee",47,155,3460,60,3400,130,0,35,95,640,90,250,300,1075,265,435,370,1555,650,495,410,482,63,469,105,28,61,86,199,82,141,144,204,119,155,173,332,248,173,182
2012thru2016,050,05000US47157,"Shelby County, Tennessee",47,157,17160,5200,11960,990,325,605,60,6510,1450,3590,1470,3470,1285,1245,935,990,320,350,320,957,616,868,213,114,183,52,641,323,479,322,515,261,325,226,283,116,171,169
2012thru2016,050,05000US47159,"Smith County, Tennessee",47,159,130,15,115,30,0,30,0,65,20,20,20,20,0,0,20,0,0,0,0,74,25,69,37,19,37,19,45,27,29,26,34,19,19,34,19,19,19,19
2012thru2016,050,05000US47161,"Stewart County, Tennessee",47,161,0,0,0,0,0,0,0,0,0,0,0,0,0,0,0,0,0,0,0,0,19,0,19,19,19,19,0,19,0,19,19,19,19,19,19,19,19,19
2012thru2016,050,05000US47163,"Sullivan County, Tennessee",47,163,830,25,805,125,25,10,90,455,165,210,80,220,95,100,25,0,0,0,0,272,40,273,92,41,16,83,198,121,124,63,161,94,96,40,28,28,28,28
2012thru2016,050,05000US47165,"Sumner County, Tennessee",47,165,760,85,675,55,0,35,20,270,40,210,20,300,95,150,55,50,25,25,0,240,95,209,63,28,56,35,137,43,132,27,149,91,99,56,58,41,42,28
2012thru2016,050,05000US47167,"Tipton County, Tennessee",47,167,470,120,350,20,0,0,20,285,65,4,210,45,0,0,45,0,0,0,0,186,98,169,35,28,28,35,155,65,10,128,71,28,28,71,28,28,28,28
2012thru2016,050,05000US47169,"Trousdale County, Tennessee",47,169,75,15,60,60,0,15,45,0,0,0,0,0,0,0,0,0,0,0,0,73,30,67,67,17,25,64,17,17,17,17,17,17,17,17,17,17,17,17
2012thru2016,050,05000US47171,"Unicoi County, Tennessee",47,171,75,0,75,0,0,0,0,75,0,30,45,0,0,0,0,0,0,0,0,71,19,71,19,19,19,19,71,19,39,64,19,19,19,19,19,19,19,19
2012thru2016,050,05000US47173,"Union County, Tennessee",47,173,60,0,60,10,0,0,10,50,40,0,10,0,0,0,0,0,0,0,0,42,19,42,21,19,19,21,40,36,19,14,19,19,19,19,19,19,19,19
2012thru2016,050,05000US47175,"Van Buren County, Tennessee",47,175,75,10,65,35,0,30,4,30,0,10,20,0,0,0,0,0,0,0,0,51,15,48,37,17,35,11,32,17,17,31,17,17,17,17,17,17,17,17
2012thru2016,050,05000US47177,"Warren County, Tennessee",47,177,630,190,440,30,25,4,0,230,45,150,35,180,25,80,80,0,0,0,0,238,121,207,39,40,6,25,136,74,106,37,130,39,79,84,25,25,25,25
2012thru2016,050,05000US47179,"Washington County, Tennessee",47,179,1265,155,1110,85,0,45,40,380,190,130,60,415,50,325,40,235,90,75,70,362,121,323,84,28,53,64,197,153,109,60,216,60,204,59,163,104,99,79
2012thru2016,050,05000US47181,"Wayne County, Tennessee",47,181,90,0,90,20,0,20,0,65,15,10,40,0,0,0,0,4,4,0,0,65,19,65,34,19,34,19,56,24,15,50,19,19,19,19,12,12,19,19
2012thru2016,050,05000US47183,"Weakley County, Tennessee",47,183,425,35,395,75,4,4,60,200,90,70,35,120,35,60,25,0,0,0,0,134,37,131,59,9,9,58,100,81,52,39,74,44,48,39,25,25,25,25
2012thru2016,050,05000US47185,"White County, Tennessee",47,185,130,0,130,0,0,0,0,100,0,20,80,30,10,0,20,0,0,0,0,132,22,132,22,22,22,22,125,22,34,119,34,20,22,32,22,22,22,22
2012thru2016,050,05000US47187,"Williamson County, Tennessee",47,187,480,15,465,10,0,0,10,0,0,0,0,190,25,115,50,265,75,135,55,203,29,205,15,28,28,15,28,28,28,28,144,41,128,53,145,67,117,51
2012thru2016,050,05000US47189,"Wilson County, Tennessee",47,189,715,160,560,0,0,0,0,230,50,95,85,300,40,155,100,30,0,30,0,274,91,245,28,28,28,28,150,54,89,80,181,46,142,97,44,28,44,28
2012thru2016,050,05000US48001,"Anderson County, Texas",48,001,450,105,345,0,0,0,0,315,35,170,115,0,0,0,0,30,30,0,0,157,81,140,30,30,30,30,132,41,100,86,30,30,30,30,46,46,30,30
2012thru2016,050,05000US48003,"Andrews County, Texas",48,003,80,0,80,0,0,0,0,45,0,20,25,0,0,0,0,35,0,35,0,71,20,71,20,20,20,20,51,20,32,41,20,20,20,20,51,20,51,20
2012thru2016,050,05000US48005,"Angelina County, Texas",48,005,880,205,675,150,50,35,65,265,55,140,70,215,95,60,60,45,0,45,0,240,118,234,97,59,53,51,147,59,101,84,122,84,56,59,55,30,55,30
2012thru2016,050,05000US48007,"Aransas County, Texas",48,007,495,20,475,90,45,45,0,190,105,85,0,70,0,25,40,125,50,45,30,203,27,204,106,75,72,24,127,103,81,24,74,24,31,65,113,68,57,39
2012thru2016,050,05000US48009,"Archer County, Texas",48,009,20,4,15,0,0,0,0,15,0,10,10,0,0,0,0,0,0,0,0,26,4,28,18,18,18,18,28,18,13,13,18,18,18,18,18,18,18,18
2012thru2016,050,05000US48011,"Armstrong County, Texas",48,011,0,0,0,0,0,0,0,0,0,0,0,0,0,0,0,0,0,0,0,0,0,0,0,13,13,0,13,13,13,13,13,13,13,13,13,13,13,13
2012thru2016,050,05000US48013,"Atascosa County, Texas",48,013,220,75,150,0,0,0,0,85,30,4,50,35,0,0,35,30,0,0,30,131,85,102,27,27,27,27,70,40,10,61,54,27,27,54,51,27,27,51
2012thru2016,050,05000US48015,"Austin County, Texas",48,015,0,0,0,0,0,0,0,0,0,0,0,0,0,0,0,0,0,0,0,0,24,0,24,24,24,24,0,24,0,24,24,24,24,24,24,24,24,24
2012thru2016,050,05000US48017,"Bailey County, Texas",48,017,0,0,0,0,0,0,0,0,0,0,0,0,0,0,0,0,0,0,0,18,18,18,18,18,18,18,18,18,18,18,18,18,18,18,18,18,18,18
2012thru2016,050,05000US48019,"Bandera County, Texas",48,019,115,0,115,0,0,0,0,50,0,4,40,65,15,50,0,0,0,0,0,78,24,78,24,24,24,24,50,24,14,46,71,30,65,24,24,24,24,24
2012thru2016,050,05000US48021,"Bastrop County, Texas",48,021,590,0,590,105,15,0,90,450,0,290,160,35,0,0,35,0,0,0,0,262,30,262,100,12,30,100,242,30,188,144,58,30,30,58,30,30,30,30
2012thru2016,050,05000US48023,"Baylor County, Texas",48,023,0,0,0,0,0,0,0,0,0,0,0,0,0,0,0,0,0,0,0,0,0,13,13,13,13,13,13,13,13,13,13,13,13,13,13,13,13,13
2012thru2016,050,05000US48025,"Bee County, Texas",48,025,190,60,130,10,0,0,10,4,0,0,4,45,30,0,20,70,40,35,0,121,66,111,13,27,27,13,4,27,27,4,54,45,27,34,81,59,52,27
2012thru2016,050,05000US48027,"Bell County, Texas",48,027,9550,645,8905,440,145,195,95,3775,1175,1665,935,3840,905,1330,1605,855,305,275,275,769,222,812,138,81,99,81,533,290,337,319,517,251,312,351,256,172,152,165
2012thru2016,050,05000US48029,"Bexar County, Texas",48,029,20765,2300,18465,595,330,115,150,5635,2620,2255,760,9825,4225,4015,1585,2405,790,920,700,1213,329,1168,182,140,81,75,605,433,361,232,867,592,545,353,577,296,329,276
2012thru2016,050,05000US48031,"Blanco County, Texas",48,031,50,0,50,0,0,0,0,35,0,10,25,15,10,4,0,0,0,0,0,37,20,37,20,20,20,20,33,20,14,28,18,15,14,20,20,20,20,20
2012thru2016,050,05000US48033,"Borden County, Texas",48,033,0,0,0,0,0,0,0,0,0,0,0,0,0,0,0,0,0,0,0,0,13,0,13,13,13,13,0,13,13,0,13,13,13,13,13,13,13,13
2012thru2016,050,05000US48035,"Bosque County, Texas",48,035,75,30,45,4,0,4,4,20,0,15,4,15,10,0,4,4,0,4,0,36,29,25,11,20,3,3,19,20,17,7,16,16,20,14,20,20,20,20
2012thru2016,050,05000US48037,"Bowie County, Texas",48,037,970,220,750,30,0,0,30,380,95,165,120,230,85,40,110,110,55,55,0,305,126,301,29,30,30,29,209,97,123,101,164,84,62,124,89,87,91,30
2012thru2016,050,05000US48039,"Brazoria County, Texas",48,039,2500,320,2180,450,230,45,175,1215,490,595,130,470,50,150,270,50,0,20,30,457,128,428,160,130,35,83,320,209,225,90,293,68,172,188,26,30,18,20
2012thru2016,050,05000US48041,"Brazos County, Texas",48,041,2655,165,2490,165,25,60,80,850,70,650,130,865,195,445,225,605,15,130,460,455,135,428,119,34,77,84,286,64,278,84,271,118,187,117,236,28,108,227
2012thru2016,050,05000US48043,"Brewster County, Texas",48,043,270,0,270,25,10,4,15,100,85,15,4,95,95,0,0,45,0,45,0,144,18,144,27,14,6,18,84,83,18,7,105,105,18,18,71,18,71,18
2012thru2016,050,05000US48045,"Briscoe County, Texas",48,045,20,4,20,4,4,4,0,15,4,4,4,0,0,0,0,0,0,0,0,17,2,13,11,4,2,13,13,4,15,5,13,13,13,13,13,13,13,13
2012thru2016,050,05000US48047,"Brooks County, Texas",48,047,90,90,0,0,0,0,0,0,0,0,0,0,0,0,0,0,0,0,0,69,69,18,18,18,18,18,18,18,18,18,18,18,18,18,18,18,18,18
2012thru2016,050,05000US48049,"Brown County, Texas",48,049,640,80,565,90,65,0,25,320,120,120,80,90,45,45,0,65,20,40,0,221,73,218,81,68,27,38,140,85,99,64,103,77,68,27,73,36,64,27
2012thru2016,050,05000US48051,"Burleson County, Texas",48,051,45,0,45,4,0,4,0,40,4,4,30,0,0,0,0,0,0,0,0,50,20,50,10,20,10,20,50,8,10,48,20,20,20,20,20,20,20,20
2012thru2016,050,05000US48053,"Burnet County, Texas",48,053,280,0,280,0,0,0,0,50,0,0,50,230,30,200,0,0,0,0,0,194,27,194,27,27,27,27,74,27,27,74,175,51,173,27,27,27,27,27
2012thru2016,050,05000US48055,"Caldwell County, Texas",48,055,135,70,65,45,0,25,20,0,0,0,0,25,4,20,0,0,0,0,0,91,73,60,43,27,41,26,27,27,27,27,34,8,36,27,27,27,27,27
2012thru2016,050,05000US48057,"Calhoun County, Texas",48,057,240,35,205,60,10,10,35,45,25,10,10,30,0,30,0,75,50,0,25,104,44,94,50,13,23,44,44,41,14,14,39,24,39,24,64,53,24,38
2012thru2016,050,05000US48059,"Callahan County, Texas",48,059,170,85,90,10,0,10,0,80,15,65,0,0,0,0,0,0,0,0,0,96,65,62,14,20,14,20,61,23,58,20,20,20,20,20,20,20,20,20
2012thru2016,050,05000US48061,"Cameron County, Texas",48,061,5015,670,4345,505,105,155,240,1500,670,475,355,1305,375,575,355,1040,300,525,210,500,208,493,147,74,82,111,273,192,154,155,292,161,214,156,254,140,167,119
2012thru2016,050,05000US48063,"Camp County, Texas",48,063,65,0,65,0,0,0,0,35,0,20,15,25,25,0,0,0,0,0,0,59,20,59,20,20,20,20,41,20,35,26,41,41,20,20,20,20,20,20
2012thru2016,050,05000US48065,"Carson County, Texas",48,065,25,0,25,15,0,4,15,4,0,0,4,0,0,0,0,0,0,0,0,26,18,26,25,18,18,23,13,18,18,13,18,18,18,18,18,18,18,18
2012thru2016,050,05000US48067,"Cass County, Texas",48,067,210,105,105,55,10,35,10,50,10,40,0,0,0,0,0,0,0,0,0,89,72,51,37,15,31,13,38,13,35,27,27,27,27,27,27,27,27,27
2012thru2016,050,05000US48069,"Castro County, Texas",48,069,30,20,10,0,0,0,0,10,0,0,10,0,0,0,0,0,0,0,0,29,23,16,18,18,18,18,16,18,18,16,18,18,18,18,18,18,18,18
2012thru2016,050,05000US48071,"Chambers County, Texas",48,071,190,4,185,10,0,10,0,170,0,70,100,10,0,0,10,0,0,0,0,128,9,127,14,27,14,27,124,27,76,94,13,27,27,13,27,27,27,27
2012thru2016,050,05000US48073,"Cherokee County, Texas",48,073,470,85,385,60,20,15,25,245,45,145,55,80,0,80,0,0,0,0,0,175,67,156,47,28,17,32,125,61,99,58,72,30,72,30,30,30,30,30
2012thru2016,050,05000US48075,"Childress County, Texas",48,075,140,45,90,40,0,40,0,50,0,50,0,0,0,0,0,0,0,0,0,114,71,92,62,18,62,18,76,18,76,18,18,18,18,18,18,18,18,18
2012thru2016,050,05000US48077,"Clay County, Texas",48,077,100,40,60,4,0,4,4,0,0,0,0,50,0,25,25,0,0,0,0,65,40,55,17,20,20,10,20,20,20,20,53,20,39,39,20,20,20,20
2012thru2016,050,05000US48079,"Cochran County, Texas",48,079,0,0,0,0,0,0,0,0,0,0,0,0,0,0,0,0,0,0,0,0,0,0,0,13,0,13,13,13,13,13,13,13,13,13,13,13,13,13
2012thru2016,050,05000US48081,"Coke County, Texas",48,081,0,0,0,0,0,0,0,0,0,0,0,0,0,0,0,0,0,0,0,0,0,13,13,13,13,13,13,13,13,13,13,13,13,13,13,13,13,13
2012thru2016,050,05000US48083,"Coleman County, Texas",48,083,85,4,80,10,0,10,0,75,45,30,0,0,0,0,0,0,0,0,0,64,18,63,14,18,14,18,61,67,45,18,18,18,18,18,18,18,18,18
2012thru2016,050,05000US48085,"Collin County, Texas",48,085,6960,680,6275,205,25,185,0,990,655,250,85,3795,1745,1645,405,1285,435,590,260,803,264,749,141,40,135,30,292,218,123,93,599,349,409,220,316,194,234,140
2012thru2016,050,05000US48087,"Collingsworth County, Texas",48,087,0,0,0,0,0,0,0,0,0,0,0,0,0,0,0,0,0,0,0,0,13,0,0,13,13,0,13,13,13,13,13,13,13,13,13,13,13,13
2012thru2016,050,05000US48089,"Colorado County, Texas",48,089,125,25,95,0,0,0,0,95,0,20,80,0,0,0,0,0,0,0,0,78,34,70,24,24,24,24,70,24,32,68,24,24,24,24,24,24,24,24
2012thru2016,050,05000US48091,"Comal County, Texas",48,091,850,110,740,25,25,0,0,245,40,35,170,260,40,175,45,210,105,105,0,256,106,234,40,40,30,30,162,69,56,128,115,49,109,47,138,108,89,30
2012thru2016,050,05000US48093,"Comanche County, Texas",48,093,70,65,4,0,0,0,0,4,4,0,0,0,0,0,0,0,0,0,0,73,72,5,20,20,20,20,5,5,20,20,20,20,20,20,20,20,20,20
2012thru2016,050,05000US48095,"Concho County, Texas",48,095,0,0,0,0,0,0,0,0,0,0,0,0,0,0,0,0,0,0,0,0,13,0,0,13,13,0,0,13,0,13,13,13,13,13,13,13,13,13
2012thru2016,050,05000US48097,"Cooke County, Texas",48,097,220,60,155,40,0,40,0,105,20,40,45,15,0,15,0,0,0,0,0,93,39,88,47,27,47,27,80,27,43,48,26,27,26,27,27,27,27,27
2012thru2016,050,05000US48099,"Coryell County, Texas",48,099,930,70,860,75,20,25,30,505,70,310,125,265,40,130,100,15,0,0,15,244,69,244,79,36,41,45,184,84,169,98,116,49,100,69,22,30,30,22
2012thru2016,050,05000US48101,"Cottle County, Texas",48,101,0,0,0,0,0,0,0,0,0,0,0,0,0,0,0,0,0,0,0,0,13,0,0,0,13,13,13,13,13,13,13,13,13,13,13,13,13,13
2012thru2016,050,05000US48103,"Crane County, Texas",48,103,0,0,0,0,0,0,0,0,0,0,0,0,0,0,0,0,0,0,0,0,13,0,13,13,13,13,0,13,0,13,13,13,13,13,0,13,0,13
2012thru2016,050,05000US48105,"Crockett County, Texas",48,105,0,0,0,0,0,0,0,0,0,0,0,0,0,0,0,0,0,0,0,13,13,13,13,13,13,13,13,13,13,13,13,13,13,13,13,13,13,13
2012thru2016,050,05000US48107,"Crosby County, Texas",48,107,100,25,75,60,10,10,45,15,10,4,0,0,0,0,0,0,0,0,0,37,23,34,32,13,15,25,12,15,19,18,18,18,18,18,18,18,18,18
2012thru2016,050,05000US48109,"Culberson County, Texas",48,109,15,4,10,10,0,0,10,0,0,0,0,0,0,0,0,0,0,0,0,18,10,15,15,13,13,15,13,13,13,13,13,13,13,13,13,13,13,13
2012thru2016,050,05000US48111,"Dallam County, Texas",48,111,145,60,85,25,0,0,25,40,0,0,40,20,0,0,20,0,0,0,0,91,63,70,36,18,18,36,59,18,18,59,33,18,18,33,18,18,18,18
2012thru2016,050,05000US48113,"Dallas County, Texas",48,113,35655,2900,32755,1410,425,465,525,18445,8885,6610,2955,8680,4105,2930,1645,4215,2210,1715,290,1590,444,1499,274,141,146,182,1156,793,678,388,881,515,538,373,558,467,323,125
2012thru2016,050,05000US48115,"Dawson County, Texas",48,115,40,40,4,0,0,0,0,4,0,0,4,0,0,0,0,0,0,0,0,44,45,4,20,20,20,20,4,20,20,4,20,20,20,20,20,20,20,20
2012thru2016,050,05000US48117,"Deaf Smith County, Texas",48,117,140,0,140,45,30,20,0,75,0,50,20,20,0,20,0,0,0,0,0,93,20,93,46,36,32,20,67,20,58,37,32,20,32,20,20,20,20,20
2012thru2016,050,05000US48119,"Delta County, Texas",48,119,70,4,65,25,0,0,25,10,0,10,4,30,0,30,0,0,0,0,0,61,14,59,38,18,18,38,16,18,14,2,40,18,40,18,18,18,18,18
2012thru2016,050,05000US48121,"Denton County, Texas",48,121,4935,240,4695,210,55,40,115,1710,800,645,265,2045,805,840,400,730,140,265,330,659,146,621,129,61,54,104,368,209,254,156,316,197,211,170,272,122,176,169
2012thru2016,050,05000US48123,"DeWitt County, Texas",48,123,125,15,110,25,0,4,20,40,0,10,30,25,0,25,0,25,0,25,0,76,20,73,26,24,24,25,40,24,14,36,37,24,37,24,43,24,43,24
2012thru2016,050,05000US48125,"Dickens County, Texas",48,125,10,0,10,0,0,0,0,4,0,4,0,0,0,0,0,10,0,10,0,11,13,11,13,13,13,13,13,13,13,13,13,13,13,13,15,13,15,13
2012thru2016,050,05000US48127,"Dimmit County, Texas",48,127,145,40,105,4,0,0,4,40,4,35,0,60,0,55,4,0,0,0,0,113,56,106,1,20,20,1,55,16,53,20,88,20,88,12,20,20,20,20
2012thru2016,050,05000US48129,"Donley County, Texas",48,129,55,20,35,25,0,4,20,0,0,0,0,10,0,0,10,0,0,0,0,30,19,25,25,13,3,24,13,13,13,13,13,13,13,13,13,13,13,13
2012thru2016,050,05000US48131,"Duval County, Texas",48,131,145,70,75,45,0,15,25,15,0,0,15,0,0,0,0,15,0,15,0,70,53,51,40,20,29,32,24,20,20,24,20,20,20,20,26,20,26,20
2012thru2016,050,05000US48133,"Eastland County, Texas",48,133,165,4,160,65,25,35,4,80,40,30,4,15,0,15,0,0,0,0,0,86,8,84,42,28,31,11,72,66,26,10,23,20,23,20,20,20,20,20
2012thru2016,050,05000US48135,"Ector County, Texas",48,135,1570,85,1490,15,15,0,0,210,50,160,0,740,245,295,200,525,235,165,125,345,70,331,23,23,30,30,130,60,117,30,214,140,149,128,221,161,118,98
2012thru2016,050,05000US48137,"Edwards County, Texas",48,137,30,20,10,0,0,0,0,0,0,0,0,10,0,10,0,0,0,0,0,23,22,14,13,13,13,13,13,13,13,13,14,13,14,13,13,13,13,13
2012thru2016,050,05000US48139,"Ellis County, Texas",48,139,510,130,375,35,4,4,25,265,90,150,25,75,0,65,10,0,0,0,0,190,95,160,34,30,10,30,133,91,103,32,73,30,73,20,30,30,30,30
2012thru2016,050,05000US48141,"El Paso County, Texas",48,141,10305,1380,8925,680,285,200,200,2430,845,1025,555,4460,1290,1665,1505,1355,235,540,580,929,336,828,167,121,112,98,375,235,266,175,633,360,378,354,340,142,230,218
2012thru2016,050,05000US48143,"Erath County, Texas",48,143,625,80,545,60,30,0,30,195,65,105,25,250,20,115,115,40,0,0,40,193,75,187,65,46,27,46,125,79,92,35,131,35,94,90,67,27,27,67
2012thru2016,050,05000US48145,"Falls County, Texas",48,145,170,30,140,35,4,10,20,110,35,45,25,0,0,0,0,0,0,0,0,103,48,94,30,12,13,22,88,48,65,40,20,20,20,20,20,20,20,20
2012thru2016,050,05000US48147,"Fannin County, Texas",48,147,275,105,165,50,10,40,0,55,0,50,4,65,0,55,10,0,0,0,0,157,103,129,53,15,44,27,70,27,70,14,78,27,77,13,27,27,27,27
2012thru2016,050,05000US48149,"Fayette County, Texas",48,149,175,70,105,0,0,0,0,0,0,0,0,75,45,0,30,30,30,0,0,120,89,82,24,24,24,24,24,24,24,24,74,51,24,52,36,36,24,24
2012thru2016,050,05000US48151,"Fisher County, Texas",48,151,25,10,15,10,0,10,0,10,0,10,0,0,0,0,0,0,0,0,0,25,13,22,13,13,13,13,14,13,14,13,13,13,13,13,13,13,13,13
2012thru2016,050,05000US48153,"Floyd County, Texas",48,153,35,10,25,0,0,0,0,10,0,10,0,15,0,15,0,0,0,0,0,34,16,26,18,18,18,18,15,18,15,18,22,18,22,18,18,18,18,18
2012thru2016,050,05000US48155,"Foard County, Texas",48,155,25,25,0,0,0,0,0,0,0,0,0,0,0,0,0,0,0,0,0,24,24,13,13,13,13,13,13,13,13,13,13,13,13,13,13,13,13,13
2012thru2016,050,05000US48157,"Fort Bend County, Texas",48,157,3355,365,2990,125,4,85,35,440,210,90,140,1730,730,490,515,695,0,480,215,660,300,608,90,10,85,29,166,138,76,66,514,318,247,210,289,30,257,157
2012thru2016,050,05000US48159,"Franklin County, Texas",48,159,40,15,25,15,0,0,15,10,0,0,10,0,0,0,0,0,0,0,0,38,25,29,26,20,20,26,15,20,20,15,20,20,20,20,20,20,20,20
2012thru2016,050,05000US48161,"Freestone County, Texas",48,161,285,4,280,30,0,20,10,200,0,150,50,45,0,0,45,0,0,0,0,125,20,125,28,20,22,17,93,20,76,65,74,20,20,74,20,20,20,20
2012thru2016,050,05000US48163,"Frio County, Texas",48,163,160,45,115,0,0,0,0,45,0,45,0,60,0,0,60,15,15,0,0,109,51,100,20,20,20,20,68,20,68,20,76,20,20,76,26,26,20,20
2012thru2016,050,05000US48165,"Gaines County, Texas",48,165,80,20,60,0,0,0,0,60,0,60,0,0,0,0,0,0,0,0,0,78,33,74,20,20,20,20,74,20,74,20,20,20,20,20,20,20,20,20
2012thru2016,050,05000US48167,"Galveston County, Texas",48,167,4150,465,3685,335,85,90,160,1540,495,775,270,1290,440,580,270,520,190,140,190,498,198,474,135,70,61,103,319,185,214,151,287,150,190,131,181,105,76,122
2012thru2016,050,05000US48169,"Garza County, Texas",48,169,0,0,0,0,0,0,0,0,0,0,0,0,0,0,0,0,0,0,0,0,18,0,18,18,18,18,0,0,18,18,18,18,18,18,18,18,18,18
2012thru2016,050,05000US48171,"Gillespie County, Texas",48,171,180,45,135,0,0,0,0,80,60,4,15,55,0,0,55,0,0,0,0,122,67,90,24,24,24,24,65,56,7,32,63,24,24,63,24,24,24,24
2012thru2016,050,05000US48173,"Glasscock County, Texas",48,173,0,0,0,0,0,0,0,0,0,0,0,0,0,0,0,0,0,0,0,13,13,13,13,13,13,13,13,13,13,13,13,13,13,13,13,13,13,13
2012thru2016,050,05000US48175,"Goliad County, Texas",48,175,80,0,80,30,10,0,20,0,0,0,0,50,10,40,0,0,0,0,0,53,18,53,30,22,18,22,18,18,18,18,47,15,45,18,18,18,18,18
2012thru2016,050,05000US48177,"Gonzales County, Texas",48,177,210,0,210,55,0,4,50,90,45,10,35,50,0,0,50,20,0,0,20,110,24,110,40,24,5,40,74,50,20,42,59,24,24,59,35,24,24,35
2012thru2016,050,05000US48179,"Gray County, Texas",48,179,480,165,315,100,35,0,65,110,60,20,25,110,20,70,20,0,0,0,0,156,84,127,66,51,24,70,73,52,33,40,86,34,74,32,24,24,24,24
2012thru2016,050,05000US48181,"Grayson County, Texas",48,181,1170,290,885,135,50,75,10,590,245,250,100,120,0,15,105,35,35,0,0,257,111,275,84,48,73,14,200,135,126,74,96,30,24,91,52,52,30,30
2012thru2016,050,05000US48183,"Gregg County, Texas",48,183,1895,30,1865,110,25,85,0,815,250,510,55,865,315,400,150,75,0,45,30,366,39,358,94,40,86,30,233,110,205,58,292,178,201,121,78,30,68,38
2012thru2016,050,05000US48185,"Grimes County, Texas",48,185,215,4,215,140,30,4,105,75,0,35,40,4,0,4,0,0,0,0,0,101,4,100,84,33,4,74,59,24,43,41,7,24,7,24,24,24,24,24
2012thru2016,050,05000US48187,"Guadalupe County, Texas",48,187,970,180,790,50,0,20,30,380,55,165,165,305,140,135,35,50,0,25,25,242,114,231,51,30,36,38,168,47,130,100,137,91,90,56,60,30,44,37
2012thru2016,050,05000US48189,"Hale County, Texas",48,189,490,230,265,120,35,70,20,80,40,30,4,65,65,0,0,0,0,0,0,148,108,116,77,42,59,35,65,58,37,7,48,48,27,27,27,27,27,27
2012thru2016,050,05000US48191,"Hall County, Texas",48,191,0,0,0,0,0,0,0,0,0,0,0,0,0,0,0,0,0,0,0,0,0,13,13,13,13,13,13,13,13,13,13,13,13,13,13,13,13,13
2012thru2016,050,05000US48193,"Hamilton County, Texas",48,193,40,30,10,0,0,0,0,10,10,0,0,0,0,0,0,0,0,0,0,36,34,15,18,18,18,18,15,15,18,18,18,18,18,18,18,18,18,18
2012thru2016,050,05000US48195,"Hansford County, Texas",48,195,0,0,0,0,0,0,0,0,0,0,0,0,0,0,0,0,0,0,0,0,18,0,18,18,18,18,0,0,18,18,0,18,0,18,18,18,18,18
2012thru2016,050,05000US48197,"Hardeman County, Texas",48,197,0,0,0,0,0,0,0,0,0,0,0,0,0,0,0,0,0,0,0,0,13,0,0,13,0,13,13,13,13,13,13,13,13,13,13,13,13,13
2012thru2016,050,05000US48199,"Hardin County, Texas",48,199,545,200,345,40,0,0,40,200,25,120,60,100,0,55,45,0,0,0,0,181,109,151,44,30,30,44,110,40,85,58,87,30,70,52,30,30,30,30
2012thru2016,050,05000US48201,"Harris County, Texas",48,201,61500,5080,56420,1960,570,690,700,25235,12475,10410,2350,19710,8880,7570,3260,9515,4585,3450,1480,1899,677,1774,339,163,171,251,1248,907,731,382,1079,744,900,546,880,688,588,440
2012thru2016,050,05000US48203,"Harrison County, Texas",48,203,500,140,360,50,0,15,35,140,15,70,55,170,30,115,30,4,0,0,4,163,90,146,62,30,24,56,88,22,61,62,106,46,92,45,30,30,30,30
2012thru2016,050,05000US48205,"Hartley County, Texas",48,205,0,0,0,0,0,0,0,0,0,0,0,0,0,0,0,0,0,0,0,18,18,18,18,18,18,18,18,18,18,18,18,18,18,18,18,18,18,18
2012thru2016,050,05000US48207,"Haskell County, Texas",48,207,0,0,0,0,0,0,0,0,0,0,0,0,0,0,0,0,0,0,0,0,18,0,18,18,18,18,0,18,0,18,18,18,18,18,18,18,18,18
2012thru2016,050,05000US48209,"Hays County, Texas",48,209,1565,20,1545,220,50,15,155,750,160,360,235,470,65,255,155,105,10,45,50,372,23,371,103,63,25,103,247,126,189,126,184,69,148,99,94,13,52,80
2012thru2016,050,05000US48211,"Hemphill County, Texas",48,211,60,0,60,15,0,0,15,4,0,4,0,0,0,0,0,40,0,40,0,56,13,56,25,13,13,25,2,13,2,13,13,13,13,13,55,13,55,13
2012thru2016,050,05000US48213,"Henderson County, Texas",48,213,440,105,330,65,0,45,20,250,0,150,100,10,10,0,0,4,0,4,0,165,92,146,59,30,56,23,127,30,119,95,13,13,30,30,12,30,12,30
2012thru2016,050,05000US48215,"Hidalgo County, Texas",48,215,5485,1135,4350,580,165,170,245,1875,560,995,320,1145,365,355,430,745,300,130,315,716,324,610,171,114,99,114,392,243,277,161,326,146,148,215,255,194,106,196
2012thru2016,050,05000US48217,"Hill County, Texas",48,217,235,50,190,80,0,65,15,105,10,75,20,0,0,0,0,0,0,0,0,105,34,101,81,27,78,18,53,21,46,21,27,27,27,27,27,27,27,27
2012thru2016,050,05000US48219,"Hockley County, Texas",48,219,205,80,125,25,0,4,20,15,0,4,10,55,50,0,4,35,35,0,0,111,74,81,32,24,10,33,16,24,10,13,59,59,24,3,45,45,24,24
2012thru2016,050,05000US48221,"Hood County, Texas",48,221,560,155,410,50,0,10,40,220,60,0,160,70,70,0,0,65,65,0,0,248,106,214,64,30,13,63,167,72,30,148,87,87,30,30,74,74,30,30
2012thru2016,050,05000US48223,"Hopkins County, Texas",48,223,350,155,195,75,60,0,15,120,25,85,10,0,0,0,0,0,0,0,0,131,95,101,70,68,27,18,79,38,69,18,27,27,27,27,27,27,27,27
2012thru2016,050,05000US48225,"Houston County, Texas",48,225,155,70,85,35,0,30,4,45,15,25,0,10,0,10,0,0,0,0,0,90,54,64,38,24,38,2,42,31,31,24,13,24,13,24,24,24,24,24
2012thru2016,050,05000US48227,"Howard County, Texas",48,227,350,35,315,35,0,30,4,105,0,75,35,155,90,65,0,20,0,4,15,108,50,105,34,27,35,1,73,27,65,38,78,77,39,27,19,27,10,18
2012thru2016,050,05000US48229,"Hudspeth County, Texas",48,229,20,15,4,4,0,0,4,4,0,0,4,0,0,0,0,0,0,0,0,18,16,10,4,13,13,4,2,13,13,2,13,13,13,13,13,13,13,13
2012thru2016,050,05000US48231,"Hunt County, Texas",48,231,1050,210,840,185,55,65,65,645,260,270,115,10,0,10,0,0,0,0,0,248,98,216,119,59,70,59,211,112,160,66,18,30,18,30,30,30,30,30
2012thru2016,050,05000US48233,"Hutchinson County, Texas",48,233,175,45,130,60,20,40,0,70,10,60,0,4,0,0,4,0,0,0,0,102,51,92,61,37,43,24,70,15,67,24,6,24,24,6,24,24,24,24
2012thru2016,050,05000US48235,"Irion County, Texas",48,235,0,0,0,0,0,0,0,0,0,0,0,0,0,0,0,0,0,0,0,13,13,13,13,13,13,13,13,13,13,13,13,13,13,13,13,13,13,13
2012thru2016,050,05000US48237,"Jack County, Texas",48,237,50,40,10,4,0,4,0,4,0,4,0,0,0,0,0,0,0,0,0,43,40,13,7,18,7,18,18,18,18,18,18,18,18,18,18,18,18,18
2012thru2016,050,05000US48239,"Jackson County, Texas",48,239,205,0,205,35,0,0,35,140,20,70,50,0,0,0,0,30,30,0,0,100,20,100,46,20,20,46,78,34,47,58,20,20,20,20,49,49,20,20
2012thru2016,050,05000US48241,"Jasper County, Texas",48,241,540,60,485,65,0,30,35,300,105,105,90,105,40,35,30,15,15,0,0,152,63,144,57,27,38,44,125,75,83,78,73,50,39,37,29,29,27,27
2012thru2016,050,05000US48243,"Jeff Davis County, Texas",48,243,0,0,0,0,0,0,0,0,0,0,0,0,0,0,0,0,0,0,0,13,13,13,13,13,13,13,13,13,13,13,13,13,13,13,13,13,13,13
2012thru2016,050,05000US48245,"Jefferson County, Texas",48,245,3470,570,2900,380,75,120,180,810,220,515,80,1400,695,550,155,310,155,155,0,456,171,411,156,56,72,124,230,134,170,53,315,237,228,110,160,117,115,30
2012thru2016,050,05000US48247,"Jim Hogg County, Texas",48,247,105,40,65,0,0,0,0,35,0,25,10,0,0,0,0,30,0,0,30,81,51,70,18,18,18,18,49,18,40,22,18,18,18,18,52,18,18,52
2012thru2016,050,05000US48249,"Jim Wells County, Texas",48,249,180,70,110,15,0,15,0,0,0,0,0,100,70,30,0,0,0,0,0,107,49,90,24,27,24,27,27,27,27,27,88,80,31,27,27,27,27,27
2012thru2016,050,05000US48251,"Johnson County, Texas",48,251,1030,420,610,170,0,70,100,370,0,160,210,60,60,0,0,10,0,0,10,259,175,218,110,30,68,92,173,30,113,128,67,67,30,30,17,30,30,17
2012thru2016,050,05000US48253,"Jones County, Texas",48,253,130,55,80,30,0,0,30,0,0,0,0,50,0,0,50,0,0,0,0,89,43,80,40,20,20,40,20,20,20,20,70,20,20,70,20,20,20,20
2012thru2016,050,05000US48255,"Karnes County, Texas",48,255,325,45,280,65,35,4,25,30,20,4,4,80,60,4,15,105,90,0,10,105,47,92,39,28,12,29,32,32,10,10,55,48,11,23,75,73,20,20
2012thru2016,050,05000US48257,"Kaufman County, Texas",48,257,560,25,530,110,20,55,35,260,40,130,85,130,35,0,95,35,15,0,20,203,30,200,107,37,82,41,109,46,88,58,100,42,30,91,38,25,30,33
2012thru2016,050,05000US48259,"Kendall County, Texas",48,259,265,45,220,35,35,0,0,25,25,0,0,165,0,70,95,0,0,0,0,125,47,119,54,54,27,27,40,40,27,27,104,27,82,78,27,27,27,27
2012thru2016,050,05000US48261,"Kenedy County, Texas",48,261,0,0,0,0,0,0,0,0,0,0,0,0,0,0,0,0,0,0,0,13,13,13,13,13,13,13,13,13,13,13,13,13,13,13,13,13,13,13
2012thru2016,050,05000US48263,"Kent County, Texas",48,263,0,0,0,0,0,0,0,0,0,0,0,0,0,0,0,0,0,0,0,0,13,0,0,13,0,13,13,13,13,13,13,13,13,13,13,13,13,13
2012thru2016,050,05000US48265,"Kerr County, Texas",48,265,275,40,235,4,0,4,0,10,0,10,0,130,20,35,75,95,95,0,0,149,64,140,5,30,5,30,13,30,13,30,110,23,62,88,87,87,30,30
2012thru2016,050,05000US48267,"Kimble County, Texas",48,267,45,0,45,20,0,20,0,30,15,15,0,0,0,0,0,0,0,0,0,43,13,43,30,13,30,13,32,23,25,13,13,13,13,13,13,13,13,13
2012thru2016,050,05000US48269,"King County, Texas",48,269,0,0,0,0,0,0,0,0,0,0,0,0,0,0,0,0,0,0,0,13,13,13,13,13,13,13,13,13,13,13,13,13,13,13,13,13,13,13
2012thru2016,050,05000US48271,"Kinney County, Texas",48,271,60,4,60,35,0,0,35,20,0,20,0,0,0,0,0,0,0,0,0,53,3,53,42,13,13,42,36,13,36,13,13,13,13,13,13,13,13,13
2012thru2016,050,05000US48273,"Kleberg County, Texas",48,273,270,60,210,80,0,40,40,80,40,35,0,50,0,40,4,0,0,0,0,162,95,127,89,27,62,65,88,67,56,27,67,27,65,15,27,27,27,27
2012thru2016,050,05000US48275,"Knox County, Texas",48,275,55,0,55,40,20,10,10,15,0,15,0,0,0,0,0,0,0,0,0,31,13,31,30,23,14,16,17,13,17,13,13,13,13,13,13,13,13,13
2012thru2016,050,05000US48277,"Lamar County, Texas",48,277,835,290,545,85,20,30,40,315,100,70,145,110,50,30,25,30,10,20,0,215,108,172,63,26,28,46,146,70,60,101,90,59,51,43,36,21,32,27
2012thru2016,050,05000US48279,"Lamb County, Texas",48,279,75,75,0,0,0,0,0,0,0,0,0,0,0,0,0,0,0,0,0,57,57,20,20,20,20,20,20,20,20,20,20,20,20,20,20,20,20,20
2012thru2016,050,05000US48281,"Lampasas County, Texas",48,281,90,4,85,45,0,0,45,40,0,30,10,0,0,0,0,0,0,0,0,63,10,62,44,24,24,44,42,24,40,14,24,24,24,24,24,24,24,24
2012thru2016,050,05000US48283,"La Salle County, Texas",48,283,245,70,175,85,0,0,85,0,0,0,0,4,4,0,0,85,35,50,0,152,81,116,94,18,18,94,18,18,18,18,10,10,18,18,94,55,79,18
2012thru2016,050,05000US48285,"Lavaca County, Texas",48,285,60,0,60,40,0,15,20,0,0,0,0,25,0,25,0,0,0,0,0,52,20,52,36,20,26,28,20,20,20,20,39,20,39,20,20,20,20,20
2012thru2016,050,05000US48287,"Lee County, Texas",48,287,105,20,85,10,0,10,0,75,0,75,0,0,0,0,0,0,0,0,0,71,24,68,15,20,15,20,67,20,67,20,20,20,20,20,20,20,20,20
2012thru2016,050,05000US48289,"Leon County, Texas",48,289,120,15,105,30,0,10,20,60,10,35,15,20,10,4,4,0,0,0,0,47,18,45,28,20,16,25,35,15,27,17,20,15,13,20,20,20,20,20
2012thru2016,050,05000US48291,"Liberty County, Texas",48,291,560,25,535,165,0,115,55,350,4,115,225,0,0,0,0,15,15,0,0,196,39,198,93,30,85,43,182,12,114,138,30,30,30,30,24,24,30,30
2012thru2016,050,05000US48293,"Limestone County, Texas",48,293,80,0,80,0,0,0,0,65,0,40,25,15,4,4,4,0,0,0,0,51,24,51,24,24,24,24,48,24,44,36,19,10,15,6,24,24,24,24
2012thru2016,050,05000US48295,"Lipscomb County, Texas",48,295,25,4,20,20,0,10,10,0,0,0,0,0,0,0,0,0,0,0,0,20,4,19,19,13,14,17,13,13,13,13,13,13,13,13,13,13,13,13
2012thru2016,050,05000US48297,"Live Oak County, Texas",48,297,115,45,70,15,15,0,0,25,0,10,15,15,0,15,0,15,0,4,4,64,48,44,23,23,20,20,27,20,17,21,22,20,22,20,16,20,12,12
2012thru2016,050,05000US48299,"Llano County, Texas",48,299,185,0,185,0,0,0,0,95,20,50,25,40,25,0,15,50,40,4,0,113,20,113,20,20,20,20,78,37,56,41,36,40,20,24,69,66,13,20
2012thru2016,050,05000US48301,"Loving County, Texas",48,301,0,0,0,0,0,0,0,0,0,0,0,0,0,0,0,0,0,0,0,13,13,13,13,13,13,13,13,13,13,13,13,13,13,13,13,13,13,13
2012thru2016,050,05000US48303,"Lubbock County, Texas",48,303,4355,565,3790,135,20,0,115,1530,535,695,300,1815,640,755,415,315,60,85,170,588,189,591,80,31,30,76,368,229,240,135,413,272,239,224,145,56,105,94
2012thru2016,050,05000US48305,"Lynn County, Texas",48,305,40,35,4,0,0,0,0,4,0,0,4,0,0,0,0,0,0,0,0,33,32,14,18,18,18,18,14,18,18,14,18,18,18,18,18,18,18,18
2012thru2016,050,05000US48307,"McCulloch County, Texas",48,307,0,0,0,0,0,0,0,0,0,0,0,0,0,0,0,0,0,0,0,0,18,0,0,18,0,18,18,18,18,18,18,18,18,18,18,18,18,18
2012thru2016,050,05000US48309,"McLennan County, Texas",48,309,2055,545,1510,180,15,45,120,545,175,250,120,525,140,245,140,260,110,100,50,341,165,271,103,25,43,100,159,113,126,52,204,85,136,111,129,93,96,40
2012thru2016,050,05000US48311,"McMullen County, Texas",48,311,0,0,0,0,0,0,0,0,0,0,0,0,0,0,0,0,0,0,0,0,13,0,0,13,13,0,13,13,13,13,0,0,13,13,13,13,13,13
2012thru2016,050,05000US48313,"Madison County, Texas",48,313,0,0,0,0,0,0,0,0,0,0,0,0,0,0,0,0,0,0,0,0,0,0,0,20,20,0,20,20,20,20,20,20,20,20,20,20,20,20
2012thru2016,050,05000US48315,"Marion County, Texas",48,315,105,4,100,25,0,20,10,25,0,10,15,50,30,20,0,0,0,0,0,68,11,66,36,20,33,13,27,20,18,23,52,43,27,20,20,20,20,20
2012thru2016,050,05000US48317,"Martin County, Texas",48,317,0,0,0,0,0,0,0,0,0,0,0,0,0,0,0,0,0,0,0,0,0,18,18,18,18,18,18,18,18,18,18,18,18,18,18,18,18,18
2012thru2016,050,05000US48319,"Mason County, Texas",48,319,40,15,20,15,0,0,15,10,10,0,0,0,0,0,0,0,0,0,0,38,27,29,24,13,13,24,13,13,13,13,13,13,13,13,13,13,13,13
2012thru2016,050,05000US48321,"Matagorda County, Texas",48,321,560,0,560,135,50,70,15,190,45,145,0,215,60,110,45,25,0,25,0,171,27,171,124,81,92,19,99,51,86,27,107,58,71,49,37,27,37,27
2012thru2016,050,05000US48323,"Maverick County, Texas",48,323,380,110,270,25,0,25,4,125,30,60,35,65,0,0,65,55,0,55,0,157,105,124,38,30,39,2,100,46,71,41,66,30,30,66,64,30,64,30
2012thru2016,050,05000US48325,"Medina County, Texas",48,325,315,120,195,70,0,0,70,85,20,40,25,45,0,45,0,0,0,0,0,117,74,110,64,27,27,64,70,34,53,27,72,27,72,27,27,27,27,27
2012thru2016,050,05000US48327,"Menard County, Texas",48,327,35,10,25,0,0,0,0,25,15,10,0,0,0,0,0,0,0,0,0,31,13,28,13,13,13,13,28,24,15,13,13,13,13,13,13,13,13,13
2012thru2016,050,05000US48329,"Midland County, Texas",48,329,1115,105,1010,45,30,0,15,205,90,25,90,325,235,70,25,435,260,15,160,340,85,323,65,51,30,45,136,96,44,87,148,138,65,37,245,173,26,158
2012thru2016,050,05000US48331,"Milam County, Texas",48,331,240,60,180,95,45,50,0,50,0,35,15,35,4,25,4,0,0,0,0,124,61,115,99,68,71,24,53,24,46,32,34,10,36,7,24,24,24,24
2012thru2016,050,05000US48333,"Mills County, Texas",48,333,0,0,0,0,0,0,0,0,0,0,0,0,0,0,0,0,0,0,0,0,0,13,13,13,13,13,13,13,13,13,13,13,13,13,13,13,13,13
2012thru2016,050,05000US48335,"Mitchell County, Texas",48,335,140,0,140,40,0,40,0,100,35,50,10,0,0,0,0,0,0,0,0,102,18,102,60,18,60,18,82,55,64,14,18,18,18,18,18,18,18,18
2012thru2016,050,05000US48337,"Montague County, Texas",48,337,125,80,45,40,40,0,4,4,0,0,4,0,0,0,0,0,0,0,0,109,75,63,62,63,20,3,10,20,20,10,20,20,20,20,20,20,20,20
2012thru2016,050,05000US48339,"Montgomery County, Texas",48,339,3685,325,3360,365,70,160,135,655,150,170,335,1545,585,325,635,800,345,105,350,728,188,695,166,85,101,93,282,110,103,199,516,266,225,362,327,208,99,224
2012thru2016,050,05000US48341,"Moore County, Texas",48,341,150,80,70,0,0,0,0,55,30,10,20,15,0,15,0,0,0,0,0,85,63,56,24,24,24,24,56,43,18,33,24,24,24,24,24,24,24,24
2012thru2016,050,05000US48343,"Morris County, Texas",48,343,170,65,105,40,0,30,10,65,0,30,35,0,0,0,0,0,0,0,0,82,43,67,44,20,38,15,50,20,25,44,20,20,20,20,20,20,20,20
2012thru2016,050,05000US48345,"Motley County, Texas",48,345,0,0,0,0,0,0,0,0,0,0,0,0,0,0,0,0,0,0,0,0,13,0,13,13,13,13,0,0,13,13,13,13,13,13,13,13,13,13
2012thru2016,050,05000US48347,"Nacogdoches County, Texas",48,347,910,65,845,55,0,15,40,450,90,170,190,275,150,120,10,65,0,10,55,245,52,233,53,30,17,46,180,48,122,112,117,90,83,15,67,30,15,66
2012thru2016,050,05000US48349,"Navarro County, Texas",48,349,235,30,200,80,0,60,15,55,4,4,45,70,45,25,0,0,0,0,0,113,18,114,83,27,80,28,59,27,10,58,57,48,35,27,27,27,27,27
2012thru2016,050,05000US48351,"Newton County, Texas",48,351,75,35,40,20,0,15,4,20,15,4,0,4,0,0,4,0,0,0,0,58,51,35,22,20,19,13,27,27,7,20,2,20,20,2,20,20,20,20
2012thru2016,050,05000US48353,"Nolan County, Texas",48,353,395,75,320,25,25,0,0,255,100,65,95,35,0,30,10,0,0,0,0,127,56,115,43,43,20,20,98,73,45,68,47,20,44,13,20,20,20,20
2012thru2016,050,05000US48355,"Nueces County, Texas",48,355,3555,315,3240,175,110,70,0,750,255,365,130,1680,670,780,230,635,240,135,255,585,128,546,105,78,61,30,250,120,196,89,421,237,237,158,252,133,103,173
2012thru2016,050,05000US48357,"Ochiltree County, Texas",48,357,110,10,100,0,0,0,0,100,0,50,50,0,0,0,0,0,0,0,0,74,24,75,20,20,20,20,75,20,52,50,20,20,20,20,20,20,20,20
2012thru2016,050,05000US48359,"Oldham County, Texas",48,359,0,0,0,0,0,0,0,0,0,0,0,0,0,0,0,0,0,0,0,13,13,13,13,13,13,13,13,13,13,13,13,13,13,13,13,13,13,13
2012thru2016,050,05000US48361,"Orange County, Texas",48,361,725,155,575,20,0,0,20,300,25,145,135,250,65,190,0,0,0,0,0,245,100,221,39,30,30,39,164,41,109,114,148,75,131,30,30,30,30,30
2012thru2016,050,05000US48363,"Palo Pinto County, Texas",48,363,485,165,320,40,0,0,40,220,70,85,65,60,40,20,0,0,0,0,0,155,91,154,43,24,24,43,133,77,73,60,47,47,26,24,24,24,24,24
2012thru2016,050,05000US48365,"Panola County, Texas",48,365,125,15,110,4,0,0,4,80,0,15,65,0,0,0,0,25,25,0,0,106,23,103,13,24,24,13,96,24,17,94,24,24,24,24,39,39,24,24
2012thru2016,050,05000US48367,"Parker County, Texas",48,367,535,60,475,110,10,0,95,235,85,40,110,120,40,75,0,15,0,0,15,216,64,214,111,23,30,109,135,95,65,84,118,67,95,30,25,30,30,25
2012thru2016,050,05000US48369,"Parmer County, Texas",48,369,0,0,0,0,0,0,0,0,0,0,0,0,0,0,0,0,0,0,0,0,18,0,0,18,18,0,0,18,0,18,18,18,18,18,18,18,18,18
2012thru2016,050,05000US48371,"Pecos County, Texas",48,371,65,10,60,0,0,0,0,60,55,4,0,0,0,0,0,0,0,0,0,52,14,51,20,20,20,20,51,49,9,20,20,20,20,20,20,20,20,20
2012thru2016,050,05000US48373,"Polk County, Texas",48,373,335,60,275,50,10,15,20,115,40,35,40,105,4,55,50,4,0,0,4,113,59,103,46,14,30,34,62,33,25,49,85,10,72,48,12,27,27,12
2012thru2016,050,05000US48375,"Potter County, Texas",48,375,2065,365,1695,240,110,70,55,1180,575,465,140,245,15,175,55,35,25,15,0,310,113,273,99,59,63,52,232,169,147,100,115,22,91,38,43,39,22,30
2012thru2016,050,05000US48377,"Presidio County, Texas",48,377,125,25,100,20,4,10,0,65,25,25,15,15,15,0,0,0,0,0,0,80,38,69,24,16,20,18,63,37,42,24,23,23,18,18,18,18,18,18
2012thru2016,050,05000US48379,"Rains County, Texas",48,379,115,20,95,15,4,10,0,80,15,55,10,0,0,0,0,0,0,0,0,81,23,76,19,2,18,20,75,20,69,18,20,20,20,20,20,20,20,20
2012thru2016,050,05000US48381,"Randall County, Texas",48,381,1180,110,1070,95,75,15,10,520,375,120,25,440,165,235,40,15,0,10,10,281,101,250,89,86,22,15,174,146,102,33,175,112,142,37,21,30,16,13
2012thru2016,050,05000US48383,"Reagan County, Texas",48,383,0,0,0,0,0,0,0,0,0,0,0,0,0,0,0,0,0,0,0,0,13,0,13,13,13,13,0,0,0,13,13,13,13,13,13,13,13,13
2012thru2016,050,05000US48385,"Real County, Texas",48,385,45,4,45,25,0,0,25,4,0,4,0,10,0,10,0,4,0,0,4,28,2,31,24,13,13,24,13,13,13,13,13,13,13,13,10,13,13,10
2012thru2016,050,05000US48387,"Red River County, Texas",48,387,190,75,115,45,10,40,0,65,30,0,35,0,0,0,0,0,0,0,0,108,77,67,42,14,41,20,57,30,20,47,20,20,20,20,20,20,20,20
2012thru2016,050,05000US48389,"Reeves County, Texas",48,389,55,20,35,10,10,0,0,20,0,20,0,0,0,0,0,0,0,0,0,43,36,31,20,20,20,20,26,20,26,20,20,20,20,20,20,20,20,20
2012thru2016,050,05000US48391,"Refugio County, Texas",48,391,0,0,0,0,0,0,0,0,0,0,0,0,0,0,0,0,0,0,0,0,0,18,18,18,18,18,18,18,18,18,18,18,18,18,18,18,18,18
2012thru2016,050,05000US48393,"Roberts County, Texas",48,393,0,0,0,0,0,0,0,0,0,0,0,0,0,0,0,0,0,0,0,13,13,13,13,13,13,13,13,13,13,13,13,13,13,13,13,13,13,13
2012thru2016,050,05000US48395,"Robertson County, Texas",48,395,250,50,205,125,30,85,10,80,10,30,40,0,0,0,0,0,0,0,0,96,45,86,72,45,57,15,51,17,24,50,20,20,20,20,20,20,20,20
2012thru2016,050,05000US48397,"Rockwall County, Texas",48,397,200,0,200,40,0,0,40,0,0,0,0,75,45,0,30,85,50,35,0,132,30,132,63,30,30,63,30,30,30,30,80,69,30,43,97,77,61,30
2012thru2016,050,05000US48399,"Runnels County, Texas",48,399,80,30,50,40,0,25,15,10,10,0,0,0,0,0,0,0,0,0,0,40,32,35,29,20,21,24,19,19,20,20,20,20,20,20,20,20,20,20
2012thru2016,050,05000US48401,"Rusk County, Texas",48,401,155,55,100,15,10,10,0,75,4,25,45,10,0,0,10,0,0,0,0,75,47,58,12,14,14,30,54,5,35,44,18,30,30,18,30,30,30,30
2012thru2016,050,05000US48403,"Sabine County, Texas",48,403,25,0,25,15,4,4,4,10,10,0,0,0,0,0,0,0,0,0,0,24,20,24,18,15,20,11,14,14,20,20,20,20,20,20,20,20,20,20
2012thru2016,050,05000US48405,"San Augustine County, Texas",48,405,85,20,65,15,0,15,0,35,10,0,25,20,0,20,0,0,0,0,0,62,32,56,22,18,22,18,45,17,18,38,31,18,31,18,18,18,18,18
2012thru2016,050,05000US48407,"San Jacinto County, Texas",48,407,115,35,80,4,0,4,0,35,15,20,0,40,0,40,0,0,0,0,0,86,42,70,13,24,13,24,30,27,19,24,63,24,63,24,24,24,24,24
2012thru2016,050,05000US48409,"San Patricio County, Texas",48,409,470,20,450,25,25,0,0,80,35,45,0,295,70,200,25,50,0,50,0,184,32,180,41,41,30,30,59,46,52,30,174,56,162,40,84,30,84,30
2012thru2016,050,05000US48411,"San Saba County, Texas",48,411,40,10,35,20,4,4,4,15,0,10,4,0,0,0,0,0,0,0,0,30,14,26,18,10,11,10,20,18,20,18,18,18,18,18,18,18,18,18
2012thru2016,050,05000US48413,"Schleicher County, Texas",48,413,0,0,0,0,0,0,0,0,0,0,0,0,0,0,0,0,0,0,0,0,13,0,0,13,0,13,13,13,13,13,13,13,13,13,13,13,13,13
2012thru2016,050,05000US48415,"Scurry County, Texas",48,415,265,70,195,110,110,0,0,65,20,15,25,25,25,0,0,0,0,0,0,147,92,134,102,102,20,20,56,37,18,41,38,38,20,20,20,20,20,20
2012thru2016,050,05000US48417,"Shackelford County, Texas",48,417,70,4,70,4,4,0,0,65,0,45,15,0,0,0,0,0,0,0,0,38,4,38,6,6,13,13,37,13,27,27,13,13,13,13,13,13,13,13
2012thru2016,050,05000US48419,"Shelby County, Texas",48,419,175,0,175,25,0,25,0,115,10,60,45,10,10,0,0,25,4,0,25,94,24,94,33,24,33,24,83,15,57,56,14,14,24,24,41,4,24,40
2012thru2016,050,05000US48421,"Sherman County, Texas",48,421,0,0,0,0,0,0,0,0,0,0,0,0,0,0,0,0,0,0,0,0,13,0,13,13,13,13,0,13,0,13,13,13,13,13,13,13,13,13
2012thru2016,050,05000US48423,"Smith County, Texas",48,423,2630,235,2395,500,80,150,270,705,320,235,145,855,230,490,130,335,75,190,70,378,101,375,203,91,118,154,219,146,145,100,305,146,226,94,205,60,181,76
2012thru2016,050,05000US48425,"Somervell County, Texas",48,425,0,0,0,0,0,0,0,0,0,0,0,0,0,0,0,0,0,0,0,0,18,0,18,18,18,18,18,18,18,18,0,0,18,0,18,18,18,18
2012thru2016,050,05000US48427,"Starr County, Texas",48,427,400,250,145,100,0,55,45,45,10,0,30,0,0,0,0,0,0,0,0,150,121,97,75,30,60,46,58,22,30,54,30,30,30,30,30,30,30,30
2012thru2016,050,05000US48429,"Stephens County, Texas",48,429,0,0,0,0,0,0,0,0,0,0,0,0,0,0,0,0,0,0,0,0,18,0,18,18,18,18,0,18,0,18,0,18,18,0,18,18,18,18
2012thru2016,050,05000US48431,"Sterling County, Texas",48,431,0,0,0,0,0,0,0,0,0,0,0,0,0,0,0,0,0,0,0,0,0,0,0,13,13,0,13,13,13,13,13,13,13,13,13,13,13,13
2012thru2016,050,05000US48433,"Stonewall County, Texas",48,433,0,0,0,0,0,0,0,0,0,0,0,0,0,0,0,0,0,0,0,0,13,0,0,13,0,13,13,13,13,13,13,13,13,13,13,13,13,13
2012thru2016,050,05000US48435,"Sutton County, Texas",48,435,0,0,0,0,0,0,0,0,0,0,0,0,0,0,0,0,0,0,0,13,13,13,13,13,13,13,13,13,13,13,13,13,13,13,13,13,13,13
2012thru2016,050,05000US48437,"Swisher County, Texas",48,437,35,15,20,0,0,0,0,15,0,4,10,4,0,4,0,0,0,0,0,28,25,15,18,18,18,18,14,18,18,14,5,18,5,18,18,18,18,18
2012thru2016,050,05000US48439,"Tarrant County, Texas",48,439,25265,2830,22440,1315,325,565,425,10700,4410,4280,2005,8630,3515,3900,1215,1795,955,550,290,1367,459,1289,292,135,188,173,746,453,457,370,869,529,570,328,424,327,210,141
2012thru2016,050,05000US48441,"Taylor County, Texas",48,441,1870,205,1660,110,35,50,25,870,265,475,130,665,230,315,120,20,20,0,0,338,120,332,65,39,45,29,262,129,164,110,185,141,100,67,36,36,30,30
2012thru2016,050,05000US48443,"Terrell County, Texas",48,443,0,0,0,0,0,0,0,0,0,0,0,0,0,0,0,0,0,0,0,13,13,13,13,13,13,13,13,13,13,13,13,13,13,13,13,13,13,13
2012thru2016,050,05000US48445,"Terry County, Texas",48,445,175,35,140,4,0,0,4,130,10,80,40,0,0,0,0,4,0,4,0,136,40,131,10,20,20,10,132,22,109,57,20,20,20,20,20,20,20,20
2012thru2016,050,05000US48447,"Throckmorton County, Texas",48,447,0,0,0,0,0,0,0,0,0,0,0,0,0,0,0,0,0,0,0,0,0,0,0,13,13,0,13,13,13,13,13,13,13,13,13,13,13,13
2012thru2016,050,05000US48449,"Titus County, Texas",48,449,360,115,250,30,4,0,25,215,30,100,80,0,0,0,0,4,0,4,0,113,73,115,28,15,27,25,113,45,69,73,27,27,27,27,4,27,4,27
2012thru2016,050,05000US48451,"Tom Green County, Texas",48,451,895,300,595,65,25,10,25,270,175,100,0,215,135,40,40,45,20,0,25,241,148,180,60,39,20,42,126,110,62,30,129,104,48,62,53,34,30,39
2012thru2016,050,05000US48453,"Travis County, Texas",48,453,11725,455,11270,500,115,200,180,2740,1095,1110,535,5725,2725,2285,715,2300,985,710,605,906,179,863,223,91,136,134,472,258,323,203,678,524,457,218,438,298,217,235
2012thru2016,050,05000US48455,"Trinity County, Texas",48,455,30,10,20,0,0,0,0,20,0,20,0,0,0,0,0,0,0,0,0,31,15,23,20,20,20,20,23,20,23,20,20,20,20,20,20,20,20,20
2012thru2016,050,05000US48457,"Tyler County, Texas",48,457,80,70,10,0,0,0,0,4,4,0,0,10,0,10,0,0,0,0,0,47,46,20,24,24,24,24,5,5,24,24,16,24,16,24,24,24,24,24
2012thru2016,050,05000US48459,"Upshur County, Texas",48,459,280,195,85,10,0,0,10,55,10,40,4,20,0,4,15,0,0,0,0,150,139,57,14,27,27,14,48,13,39,15,26,27,17,22,27,27,27,27
2012thru2016,050,05000US48461,"Upton County, Texas",48,461,15,4,10,4,0,0,4,4,0,0,4,0,0,0,0,0,0,0,0,18,10,15,9,13,13,9,10,13,13,10,13,13,13,13,13,13,13,13
2012thru2016,050,05000US48463,"Uvalde County, Texas",48,463,305,50,255,60,0,20,35,145,40,80,20,25,25,0,0,30,0,30,0,155,67,146,65,24,34,52,112,69,82,28,24,24,24,24,50,24,50,24
2012thru2016,050,05000US48465,"Val Verde County, Texas",48,465,610,45,565,100,0,45,55,215,0,130,80,160,0,160,0,90,4,50,35,250,74,244,86,27,64,57,109,27,81,70,131,27,131,27,89,1,66,58
2012thru2016,050,05000US48467,"Van Zandt County, Texas",48,467,415,85,330,20,0,20,0,235,0,95,140,40,0,35,10,30,15,0,15,147,55,151,28,30,28,30,150,30,88,110,28,30,26,16,35,26,30,24
2012thru2016,050,05000US48469,"Victoria County, Texas",48,469,1145,435,715,100,20,40,40,220,70,35,115,315,115,165,35,75,0,40,35,308,214,217,68,35,33,47,120,58,37,96,154,95,93,64,86,30,70,50
2012thru2016,050,05000US48471,"Walker County, Texas",48,471,690,0,690,100,0,10,90,425,140,185,100,100,0,75,25,70,35,20,10,242,30,242,99,30,14,100,210,107,157,78,97,30,89,40,72,61,33,22
2012thru2016,050,05000US48473,"Waller County, Texas",48,473,450,15,440,15,0,15,4,320,0,135,180,105,0,90,10,0,0,0,0,203,22,205,25,27,23,2,163,27,99,125,108,27,106,20,27,27,27,27
2012thru2016,050,05000US48475,"Ward County, Texas",48,475,55,25,30,0,0,0,0,30,30,0,0,0,0,0,0,0,0,0,0,55,32,47,20,20,20,20,47,47,20,20,20,20,20,20,20,20,20,20
2012thru2016,050,05000US48477,"Washington County, Texas",48,477,305,60,245,35,35,0,0,110,55,55,0,100,45,55,0,0,0,0,0,199,75,172,58,58,27,27,119,86,84,27,109,73,82,27,27,27,27,27
2012thru2016,050,05000US48479,"Webb County, Texas",48,479,1535,520,1015,50,20,0,35,460,140,265,55,410,120,230,65,90,0,65,25,253,155,205,45,32,30,35,123,70,96,55,140,65,113,56,69,30,61,38
2012thru2016,050,05000US48481,"Wharton County, Texas",48,481,245,20,225,65,45,20,0,115,10,95,15,45,30,15,0,0,0,0,0,104,30,102,50,41,33,27,82,15,80,23,36,32,23,27,27,27,27,27
2012thru2016,050,05000US48483,"Wheeler County, Texas",48,483,50,4,45,20,0,0,20,15,0,0,15,10,10,0,0,0,0,0,0,39,18,37,30,18,18,30,28,18,18,28,13,13,18,18,18,18,18,18
2012thru2016,050,05000US48485,"Wichita County, Texas",48,485,2375,495,1880,150,25,75,50,745,215,335,195,925,130,480,315,55,0,0,55,396,173,381,103,30,88,48,254,133,170,133,262,98,206,154,63,30,30,63
2012thru2016,050,05000US48487,"Wilbarger County, Texas",48,487,160,30,135,35,0,35,0,100,20,35,45,0,0,0,0,0,0,0,0,99,42,91,44,20,44,20,76,35,44,59,20,20,20,20,20,20,20,20
2012thru2016,050,05000US48489,"Willacy County, Texas",48,489,60,4,60,25,4,10,10,35,4,20,4,0,0,0,0,0,0,0,0,35,1,35,20,24,18,14,31,10,38,10,24,24,24,24,24,24,24,24
2012thru2016,050,05000US48491,"Williamson County, Texas",48,491,3865,285,3580,240,155,55,25,720,265,305,150,2505,1215,780,515,115,70,0,45,605,170,593,149,134,41,39,293,155,193,112,499,348,288,208,92,81,30,45
2012thru2016,050,05000US48493,"Wilson County, Texas",48,493,85,25,60,0,0,0,0,50,15,35,0,10,0,4,4,0,0,0,0,52,28,47,27,27,27,27,44,26,44,27,16,27,10,11,27,27,27,27
2012thru2016,050,05000US48495,"Winkler County, Texas",48,495,0,0,0,0,0,0,0,0,0,0,0,0,0,0,0,0,0,0,0,18,18,18,18,18,18,18,18,18,18,18,18,18,18,18,18,18,18,18
2012thru2016,050,05000US48497,"Wise County, Texas",48,497,210,90,120,4,0,0,4,95,0,40,50,10,0,4,4,15,0,0,15,86,56,67,14,30,30,14,58,30,42,51,14,30,30,9,25,30,30,25
2012thru2016,050,05000US48499,"Wood County, Texas",48,499,495,165,330,115,30,30,50,175,40,30,105,40,0,0,40,0,0,0,0,172,119,139,79,28,52,59,105,62,43,76,67,27,27,67,27,27,27,27
2012thru2016,050,05000US48501,"Yoakum County, Texas",48,501,185,10,175,35,0,20,20,120,0,75,45,15,0,15,0,0,0,0,0,103,14,104,29,18,23,23,94,18,72,57,25,18,25,18,18,18,18,18
2012thru2016,050,05000US48503,"Young County, Texas",48,503,150,20,130,80,55,4,20,50,20,30,0,0,0,0,0,0,0,0,0,100,36,99,71,63,12,30,55,31,45,20,20,20,20,20,20,20,20,20
2012thru2016,050,05000US48505,"Zapata County, Texas",48,505,150,30,125,90,0,65,25,0,0,0,0,0,0,0,0,35,0,35,0,117,43,99,81,20,70,41,20,20,20,20,20,20,20,20,58,20,58,20
2012thru2016,050,05000US48507,"Zavala County, Texas",48,507,70,10,55,50,0,50,0,0,0,0,0,4,0,0,4,0,0,0,0,68,17,65,64,20,64,20,20,20,20,20,16,20,20,16,20,20,20,20
2012thru2016,050,05000US49001,"Beaver County, Utah",49,001,55,0,55,25,0,10,15,30,0,10,20,0,0,0,0,0,0,0,0,32,15,32,17,15,15,11,28,15,14,24,15,15,15,15,15,15,15,15
2012thru2016,050,05000US49003,"Box Elder County, Utah",49,003,250,10,240,115,0,105,10,65,35,10,15,65,15,30,20,0,0,0,0,130,13,130,85,26,83,15,49,44,19,21,53,24,42,27,26,26,26,26
2012thru2016,050,05000US49005,"Cache County, Utah",49,005,715,55,660,115,25,55,35,325,130,55,140,140,0,60,85,80,35,4,40,199,51,200,78,39,55,45,138,83,42,97,104,26,68,79,83,57,10,63
2012thru2016,050,05000US49007,"Carbon County, Utah",49,007,350,15,335,160,50,25,85,155,15,65,75,20,0,0,20,0,0,0,0,115,26,117,81,44,31,64,81,23,53,55,33,20,20,33,20,20,20,20
2012thru2016,050,05000US49009,"Daggett County, Utah",49,009,0,0,0,0,0,0,0,0,0,0,0,0,0,0,0,0,0,0,0,0,11,0,0,11,11,0,11,11,11,11,11,11,11,11,11,11,11,11
2012thru2016,050,05000US49011,"Davis County, Utah",49,011,825,0,825,50,0,0,50,485,65,225,195,290,35,190,65,0,0,0,0,256,26,256,79,26,26,79,195,84,146,122,140,57,116,67,26,26,26,26
2012thru2016,050,05000US49013,"Duchesne County, Utah",49,013,180,15,165,10,0,4,4,130,4,60,60,25,0,15,10,0,0,0,0,44,14,43,11,20,13,20,38,12,28,27,17,20,14,13,20,20,20,20
2012thru2016,050,05000US49015,"Emery County, Utah",49,015,200,0,200,60,15,10,35,115,4,45,70,20,10,10,0,0,0,0,0,60,17,60,30,18,15,23,48,17,28,37,22,15,13,17,17,17,17,17
2012thru2016,050,05000US49017,"Garfield County, Utah",49,017,60,0,60,15,0,0,15,30,0,0,30,0,0,0,0,15,0,15,0,32,15,32,15,15,15,15,27,15,15,27,15,15,15,15,25,15,25,15
2012thru2016,050,05000US49019,"Grand County, Utah",49,019,340,0,340,50,0,0,50,210,0,70,145,50,0,0,50,25,0,0,25,155,15,155,80,15,15,80,127,15,79,95,78,15,15,78,41,15,15,41
2012thru2016,050,05000US49021,"Iron County, Utah",49,021,710,25,685,160,50,45,65,310,130,85,95,85,20,25,45,130,115,15,0,229,19,229,133,62,66,75,172,110,96,97,75,25,40,65,44,43,12,23
2012thru2016,050,05000US49023,"Juab County, Utah",49,023,30,0,30,4,4,4,0,25,4,25,0,0,0,0,0,0,0,0,0,42,17,42,17,3,10,17,36,4,38,17,17,17,17,17,17,17,17,17
2012thru2016,050,05000US49025,"Kane County, Utah",49,025,40,0,40,30,4,25,0,10,0,4,4,0,0,0,0,0,0,0,0,39,15,39,37,10,37,15,14,15,10,5,15,15,15,15,15,15,15,15
2012thru2016,050,05000US49027,"Millard County, Utah",49,027,110,10,100,30,0,15,15,70,45,0,25,0,0,0,0,0,0,0,0,72,14,71,34,17,27,24,63,50,17,37,17,17,17,17,17,17,17,17
2012thru2016,050,05000US49029,"Morgan County, Utah",49,029,0,0,0,0,0,0,0,0,0,0,0,0,0,0,0,0,0,0,0,0,17,0,0,17,0,17,17,17,17,17,17,17,17,17,17,17,17,17
2012thru2016,050,05000US49031,"Piute County, Utah",49,031,15,0,15,4,0,0,4,4,0,4,0,10,0,4,4,0,0,0,0,14,11,14,3,11,11,3,11,11,11,11,13,11,6,2,11,11,11,11
2012thru2016,050,05000US49033,"Rich County, Utah",49,033,55,20,35,4,0,0,4,10,4,0,4,0,0,0,0,20,4,0,15,33,26,28,4,11,11,4,15,10,11,7,11,11,11,11,27,10,11,24
2012thru2016,050,05000US49035,"Salt Lake County, Utah",49,035,5950,345,5605,80,20,45,15,1900,730,865,305,2995,800,1005,1195,630,380,135,115,710,176,672,61,37,48,23,320,222,219,146,548,291,304,365,227,176,99,101
2012thru2016,050,05000US49037,"San Juan County, Utah",49,037,100,4,95,20,4,15,0,60,10,35,15,15,10,4,0,4,0,0,4,51,10,51,28,1,25,17,42,13,39,23,16,16,17,17,6,17,17,6
2012thru2016,050,05000US49039,"Sanpete County, Utah",49,039,155,50,110,50,20,25,4,25,0,15,10,30,15,4,10,0,0,0,0,80,53,71,51,39,36,8,31,20,30,14,31,27,10,13,20,20,20,20
2012thru2016,050,05000US49041,"Sevier County, Utah",49,041,115,4,110,20,0,0,20,95,40,50,4,0,0,0,0,0,0,0,0,72,4,71,31,20,20,31,66,48,49,1,20,20,20,20,20,20,20,20
2012thru2016,050,05000US49043,"Summit County, Utah",49,043,1050,40,1010,220,85,40,100,310,110,75,130,155,60,85,15,320,205,40,75,195,40,193,106,51,35,80,128,65,55,83,78,41,66,22,138,113,45,68
2012thru2016,050,05000US49045,"Tooele County, Utah",49,045,435,20,420,25,0,10,10,170,20,100,50,225,0,40,180,0,0,0,0,139,23,138,27,26,19,19,95,22,83,46,114,26,68,99,26,26,26,26
2012thru2016,050,05000US49047,"Uintah County, Utah",49,047,595,90,500,145,25,50,65,195,0,150,45,155,80,75,4,4,0,0,4,180,68,171,94,45,56,67,113,23,88,65,118,90,76,9,9,23,23,9
2012thru2016,050,05000US49049,"Utah County, Utah",49,049,1685,105,1580,55,0,25,35,605,90,330,190,750,125,140,485,165,80,40,45,284,74,274,54,26,39,41,172,86,120,91,226,75,126,186,82,61,33,46
2012thru2016,050,05000US49051,"Wasatch County, Utah",49,051,110,0,110,0,0,0,0,4,0,4,0,100,0,80,20,0,0,0,0,87,20,87,20,20,20,20,12,20,12,20,90,20,81,38,20,20,20,20
2012thru2016,050,05000US49053,"Washington County, Utah",49,053,1020,115,905,290,45,80,170,240,75,90,70,270,65,60,145,105,60,0,50,288,104,286,182,71,92,140,136,86,93,58,135,42,63,115,100,62,26,78
2012thru2016,050,05000US49055,"Wayne County, Utah",49,055,45,0,45,25,0,25,0,15,4,0,10,4,4,0,0,0,0,0,0,27,11,27,24,11,24,11,12,4,11,12,10,10,11,11,11,11,11,11
2012thru2016,050,05000US49057,"Weber County, Utah",49,057,1600,120,1480,275,135,95,45,1000,305,525,165,120,0,90,30,90,75,15,0,302,73,295,109,69,72,47,239,111,181,120,109,26,105,34,89,86,25,26
2012thru2016,050,05000US50001,"Addison County, Vermont",50,001,175,4,170,4,0,0,4,50,0,45,4,55,50,0,4,60,0,60,0,89,18,88,12,18,18,12,51,18,48,4,58,58,18,18,66,18,66,18
2012thru2016,050,05000US50003,"Bennington County, Vermont",50,003,240,50,195,40,30,0,10,25,0,20,4,130,95,35,0,0,0,0,0,130,59,115,47,44,18,13,25,18,26,18,100,84,54,18,18,18,18,18
2012thru2016,050,05000US50005,"Caledonia County, Vermont",50,005,180,4,175,25,10,10,4,85,40,20,25,60,40,25,0,4,0,0,4,94,2,93,27,13,13,2,67,46,31,30,59,43,39,18,18,18,18,18
2012thru2016,050,05000US50007,"Chittenden County, Vermont",50,007,520,70,450,40,0,10,30,165,40,80,40,190,35,80,75,55,55,0,0,199,76,175,50,20,13,47,93,40,68,49,132,53,83,71,75,75,20,20
2012thru2016,050,05000US50009,"Essex County, Vermont",50,009,30,0,30,4,0,0,4,30,10,0,15,0,0,0,0,0,0,0,0,24,12,24,2,12,12,2,22,20,12,15,12,12,12,12,12,12,12,12
2012thru2016,050,05000US50011,"Franklin County, Vermont",50,011,305,0,305,95,30,10,55,75,15,60,0,140,0,90,45,0,0,0,0,147,18,147,55,29,13,46,77,19,75,18,116,18,96,65,18,18,18,18
2012thru2016,050,05000US50013,"Grand Isle County, Vermont",50,013,50,0,50,15,0,0,15,25,4,0,20,10,0,0,10,0,0,0,0,33,12,33,21,12,12,21,27,10,12,25,17,12,12,17,12,12,12,12
2012thru2016,050,05000US50015,"Lamoille County, Vermont",50,015,60,0,60,4,0,0,4,15,0,4,10,25,10,4,10,20,15,4,0,37,16,37,2,16,16,2,21,16,5,21,24,15,4,13,26,23,11,16
2012thru2016,050,05000US50017,"Orange County, Vermont",50,017,140,0,140,0,0,0,0,50,40,0,10,85,30,35,20,4,4,0,0,59,16,59,16,16,16,16,40,38,16,14,58,31,41,37,7,7,16,16
2012thru2016,050,05000US50019,"Orleans County, Vermont",50,019,260,0,260,45,4,40,0,165,25,60,80,35,10,4,20,15,4,4,0,79,16,79,38,10,41,16,72,24,44,54,26,17,19,20,16,10,10,16
2012thru2016,050,05000US50021,"Rutland County, Vermont",50,021,575,10,565,120,45,25,45,155,80,30,45,240,220,20,0,50,25,15,15,135,15,135,67,44,24,46,68,59,28,34,121,115,28,20,33,21,17,17
2012thru2016,050,05000US50023,"Washington County, Vermont",50,023,235,0,235,20,4,0,15,35,0,35,0,135,25,90,20,45,25,20,0,110,20,110,26,20,20,24,35,20,35,20,98,27,86,32,33,29,23,20
2012thru2016,050,05000US50025,"Windham County, Vermont",50,025,170,20,155,4,4,0,4,50,15,10,30,65,30,25,10,30,0,0,30,82,33,78,14,5,18,10,47,25,13,41,49,40,28,13,29,18,18,29
2012thru2016,050,05000US50027,"Windsor County, Vermont",50,027,390,80,310,25,10,0,15,115,30,55,30,135,50,40,45,30,4,4,20,112,63,102,23,13,20,18,70,33,51,28,73,48,39,36,22,10,10,22
2012thru2016,050,05000US51001,"Accomack County, Virginia",51,001,185,15,170,25,0,20,4,55,15,30,15,45,4,20,25,45,4,40,0,79,24,74,22,25,21,10,58,23,49,23,31,25,21,24,41,9,43,25
2012thru2016,050,05000US51003,"Albemarle County, Virginia",51,003,1400,125,1270,105,55,20,35,395,4,325,65,635,170,385,80,130,0,95,40,363,117,352,85,71,31,45,191,10,178,63,229,111,191,89,124,28,94,64
2012thru2016,050,05000US51005,"Alleghany County, Virginia",51,005,160,45,115,0,0,0,0,70,20,20,25,35,4,30,0,10,0,10,0,87,53,71,19,19,19,19,53,36,40,41,45,4,45,19,13,19,13,19
2012thru2016,050,05000US51007,"Amelia County, Virginia",51,007,0,0,0,0,0,0,0,0,0,0,0,0,0,0,0,0,0,0,0,0,19,0,19,19,19,19,0,19,19,0,19,19,19,19,19,19,19,19
2012thru2016,050,05000US51009,"Amherst County, Virginia",51,009,75,0,75,35,25,10,0,35,0,35,0,0,0,0,0,0,0,0,0,59,25,59,45,40,23,25,43,25,43,25,25,25,25,25,25,25,25,25
2012thru2016,050,05000US51011,"Appomattox County, Virginia",51,011,0,0,0,0,0,0,0,0,0,0,0,0,0,0,0,0,0,0,0,0,0,19,19,19,19,19,19,19,19,19,19,19,19,19,19,19,19,19
2012thru2016,050,05000US51013,"Arlington County, Virginia",51,013,3230,70,3160,265,190,75,0,50,15,25,15,455,275,180,0,2390,1425,835,135,504,60,490,158,128,91,28,50,25,41,23,192,163,132,28,442,327,261,94
2012thru2016,050,05000US51015,"Augusta County, Virginia",51,015,495,20,480,180,55,40,85,110,0,50,60,180,45,65,70,10,10,0,0,206,36,207,114,64,64,72,89,28,60,69,129,49,74,65,13,13,28,28
2012thru2016,050,05000US51017,"Bath County, Virginia",51,017,0,0,0,0,0,0,0,0,0,0,0,0,0,0,0,0,0,0,0,0,0,12,12,12,12,12,12,12,12,12,12,12,12,12,12,12,12,12
2012thru2016,050,05000US51019,"Bedford County, Virginia",51,019,440,0,440,100,0,40,60,150,25,25,105,165,0,50,120,15,0,4,10,200,28,200,96,28,67,72,98,38,37,73,128,28,66,104,24,28,19,14
2012thru2016,050,05000US51021,"Bland County, Virginia",51,021,0,0,0,0,0,0,0,0,0,0,0,0,0,0,0,0,0,0,0,17,17,17,17,17,17,17,17,17,17,17,17,17,17,17,17,17,17,17
2012thru2016,050,05000US51023,"Botetourt County, Virginia",51,023,210,15,195,40,0,0,40,105,25,40,40,50,0,0,50,0,0,0,0,94,27,90,41,25,25,41,66,33,39,47,51,25,25,51,25,25,25,25
2012thru2016,050,05000US51025,"Brunswick County, Virginia",51,025,80,25,55,10,4,0,4,40,0,25,20,4,0,0,4,0,0,0,0,65,40,49,16,16,19,3,48,19,40,23,5,19,19,5,19,19,19,19
2012thru2016,050,05000US51027,"Buchanan County, Virginia",51,027,450,70,380,120,0,45,80,180,35,145,0,80,60,20,0,0,0,0,0,152,65,141,85,22,56,70,95,57,79,22,64,57,37,22,22,22,22,22
2012thru2016,050,05000US51029,"Buckingham County, Virginia",51,029,75,0,75,0,0,0,0,15,0,15,0,55,25,4,20,0,0,0,0,60,19,60,19,19,19,19,28,19,28,19,55,40,12,38,19,19,19,19
2012thru2016,050,05000US51031,"Campbell County, Virginia",51,031,95,0,95,10,0,10,0,80,10,70,0,0,0,0,0,4,0,4,0,68,28,68,13,28,13,28,66,14,64,28,28,28,28,28,28,28,28,28
2012thru2016,050,05000US51033,"Caroline County, Virginia",51,033,70,25,45,10,0,10,0,15,0,15,0,25,0,0,25,0,0,0,0,45,34,34,14,22,14,22,13,22,13,22,33,22,22,33,22,22,22,22
2012thru2016,050,05000US51035,"Carroll County, Virginia",51,035,360,45,320,215,0,20,195,100,25,50,30,0,0,0,0,0,0,0,0,175,67,155,134,22,31,132,98,42,76,42,22,22,22,22,22,22,22,22
2012thru2016,050,05000US51036,"Charles City County, Virginia",51,036,30,0,30,4,0,0,4,10,0,4,10,15,4,0,10,4,0,4,0,21,17,21,3,17,17,3,11,17,2,9,19,13,17,14,3,17,3,17
2012thru2016,050,05000US51037,"Charlotte County, Virginia",51,037,0,0,0,0,0,0,0,0,0,0,0,0,0,0,0,0,0,0,0,0,19,0,0,0,19,19,19,19,19,19,19,19,19,19,19,19,19,19
2012thru2016,050,05000US51041,"Chesterfield County, Virginia",51,041,2345,70,2275,50,0,50,0,745,150,415,180,1340,230,805,305,140,0,0,140,439,64,448,39,28,39,28,218,113,159,98,373,149,262,157,106,28,28,106
2012thru2016,050,05000US51043,"Clarke County, Virginia",51,043,145,40,105,0,0,0,0,75,0,45,25,30,0,0,30,0,0,0,0,90,47,74,19,19,19,19,81,19,70,41,49,19,19,49,19,19,19,19
2012thru2016,050,05000US51045,"Craig County, Virginia",51,045,30,0,30,4,0,0,4,25,4,10,15,0,0,0,0,0,0,0,0,32,17,32,2,17,17,2,31,9,14,24,17,17,17,17,17,17,17,17
2012thru2016,050,05000US51047,"Culpeper County, Virginia",51,047,60,10,50,0,0,0,0,0,0,0,0,20,0,20,0,25,0,15,10,51,15,48,25,25,25,25,25,25,25,25,37,25,37,25,32,25,28,15
2012thru2016,050,05000US51049,"Cumberland County, Virginia",51,049,0,0,0,0,0,0,0,0,0,0,0,0,0,0,0,0,0,0,0,0,17,0,17,17,17,17,17,17,17,17,0,0,17,17,17,17,17,17
2012thru2016,050,05000US51051,"Dickenson County, Virginia",51,051,190,45,150,30,4,25,0,115,4,105,0,4,4,0,0,0,0,0,0,86,37,78,26,8,27,19,72,12,71,19,3,3,19,19,19,19,19,19
2012thru2016,050,05000US51053,"Dinwiddie County, Virginia",51,053,275,0,275,125,0,30,95,95,0,55,40,55,0,10,45,0,0,0,0,143,22,143,106,22,51,91,90,22,75,52,57,22,13,56,22,22,22,22
2012thru2016,050,05000US51057,"Essex County, Virginia",51,057,100,0,100,40,0,40,0,20,0,4,10,45,10,25,10,0,0,0,0,60,19,60,48,19,48,19,22,19,15,21,33,15,28,13,19,19,19,19
2012thru2016,050,05000US51059,"Fairfax County, Virginia",51,059,4565,15,4550,200,90,55,55,195,40,120,35,1485,505,500,485,2670,1100,1110,455,581,14,583,131,74,57,85,114,64,96,43,371,189,194,251,418,277,284,163
2012thru2016,050,05000US51061,"Fauquier County, Virginia",51,061,185,0,185,0,0,0,0,95,0,55,45,90,0,90,0,0,0,0,0,113,28,113,28,28,28,28,64,28,59,40,94,28,94,28,28,28,28,28
2012thru2016,050,05000US51063,"Floyd County, Virginia",51,063,120,0,120,90,40,50,0,30,0,30,0,0,0,0,0,0,0,0,0,98,19,98,84,64,56,19,48,19,48,19,19,19,19,19,19,19,19,19
2012thru2016,050,05000US51065,"Fluvanna County, Virginia",51,065,0,0,0,0,0,0,0,0,0,0,0,0,0,0,0,0,0,0,0,0,0,22,22,22,22,22,22,22,22,22,22,22,22,22,22,22,22,22
2012thru2016,050,05000US51067,"Franklin County, Virginia",51,067,480,0,480,35,35,0,0,430,80,170,180,0,0,0,0,15,0,0,15,228,28,228,58,58,28,28,218,91,134,122,28,28,28,28,20,28,28,20
2012thru2016,050,05000US51069,"Frederick County, Virginia",51,069,325,0,325,85,0,35,50,85,0,75,4,145,0,65,80,10,0,0,10,161,28,161,82,28,57,61,93,28,93,17,104,28,70,83,13,28,28,13
2012thru2016,050,05000US51071,"Giles County, Virginia",51,071,135,0,135,50,45,4,0,85,10,45,30,0,0,0,0,0,0,0,0,80,19,80,57,57,13,19,59,15,38,40,19,19,19,19,19,19,19,19
2012thru2016,050,05000US51073,"Gloucester County, Virginia",51,073,170,0,170,0,0,0,0,55,0,55,0,110,25,0,85,4,0,0,4,117,25,117,25,25,25,25,65,25,65,25,100,36,25,95,10,25,25,10
2012thru2016,050,05000US51075,"Goochland County, Virginia",51,075,0,0,0,0,0,0,0,0,0,0,0,0,0,0,0,0,0,0,0,0,22,0,22,22,22,22,22,22,22,22,0,22,0,22,22,22,22,22
2012thru2016,050,05000US51077,"Grayson County, Virginia",51,077,140,10,125,35,0,15,20,70,45,0,25,25,0,25,0,0,0,0,0,67,20,69,33,19,21,29,51,31,19,38,36,19,36,19,19,19,19,19
2012thru2016,050,05000US51079,"Greene County, Virginia",51,079,65,30,35,4,0,0,4,10,4,4,0,15,4,4,4,4,0,4,0,59,52,24,5,19,19,5,17,12,10,19,16,9,10,1,11,19,11,19
2012thru2016,050,05000US51081,"Greensville County, Virginia",51,081,0,0,0,0,0,0,0,0,0,0,0,0,0,0,0,0,0,0,0,0,19,0,19,19,19,19,0,19,0,0,19,19,19,19,19,19,19,19
2012thru2016,050,05000US51083,"Halifax County, Virginia",51,083,0,0,0,0,0,0,0,0,0,0,0,0,0,0,0,0,0,0,0,0,25,0,25,25,25,25,0,25,25,0,25,25,25,25,25,25,25,25
2012thru2016,050,05000US51085,"Hanover County, Virginia",51,085,170,35,135,0,0,0,0,30,0,15,15,105,0,0,105,0,0,0,0,86,41,69,28,28,28,28,37,28,24,27,63,28,28,63,28,28,28,28
2012thru2016,050,05000US51087,"Henrico County, Virginia",51,087,2460,130,2330,40,0,0,40,1010,80,850,80,1080,345,495,240,205,55,70,75,340,106,348,60,28,28,60,273,81,270,65,266,134,188,128,113,66,86,81
2012thru2016,050,05000US51089,"Henry County, Virginia",51,089,450,25,425,225,55,60,110,200,60,130,10,0,0,0,0,0,0,0,0,197,39,193,157,61,97,101,129,53,112,22,28,28,28,28,28,28,28,28
2012thru2016,050,05000US51091,"Highland County, Virginia",51,091,0,0,0,0,0,0,0,0,0,0,0,0,0,0,0,0,0,0,0,0,12,0,0,12,0,12,12,12,12,12,12,12,12,12,12,12,12,12
2012thru2016,050,05000US51093,"Isle of Wight County, Virginia",51,093,245,4,240,15,0,15,0,130,0,40,90,95,30,45,20,0,0,0,0,136,10,136,22,25,22,25,91,25,45,80,82,41,62,33,25,25,25,25
2012thru2016,050,05000US51095,"James City County, Virginia",51,095,1070,105,965,130,80,0,45,155,15,85,55,435,210,180,45,245,85,105,55,346,97,335,114,91,28,75,109,27,84,68,249,176,182,44,144,82,90,70
2012thru2016,050,05000US51097,"King and Queen County, Virginia",51,097,0,0,0,0,0,0,0,0,0,0,0,0,0,0,0,0,0,0,0,0,17,0,17,17,17,17,0,17,0,17,17,17,17,17,17,17,17,17
2012thru2016,050,05000US51099,"King George County, Virginia",51,099,205,0,205,40,0,0,40,135,15,50,70,20,0,0,20,10,0,0,10,111,22,111,38,22,22,38,101,24,53,79,21,22,22,21,14,22,22,14
2012thru2016,050,05000US51101,"King William County, Virginia",51,101,0,0,0,0,0,0,0,0,0,0,0,0,0,0,0,0,0,0,0,19,19,19,19,19,19,19,19,19,19,19,19,19,19,19,19,19,19,19
2012thru2016,050,05000US51103,"Lancaster County, Virginia",51,103,155,0,155,0,0,0,0,100,0,80,20,30,0,20,10,25,0,0,25,91,19,91,19,19,19,19,73,19,69,21,29,19,25,15,37,19,19,37
2012thru2016,050,05000US51105,"Lee County, Virginia",51,105,150,35,120,70,4,65,0,50,10,35,0,0,0,0,0,0,0,0,0,74,42,62,52,9,51,22,36,16,35,22,22,22,22,22,22,22,22,22
2012thru2016,050,05000US51107,"Loudoun County, Virginia",51,107,1235,30,1205,100,0,100,0,185,0,145,40,495,120,120,260,425,70,310,45,340,45,336,86,28,86,28,116,28,103,65,221,99,85,164,225,76,221,48
2012thru2016,050,05000US51109,"Louisa County, Virginia",51,109,185,10,175,0,0,0,0,145,0,0,145,30,0,0,30,0,0,0,0,137,14,136,25,25,25,25,139,25,25,139,35,25,25,35,25,25,25,25
2012thru2016,050,05000US51111,"Lunenburg County, Virginia",51,111,0,0,0,0,0,0,0,0,0,0,0,0,0,0,0,0,0,0,0,19,19,19,19,19,19,19,19,19,19,19,19,19,19,19,19,19,19,19
2012thru2016,050,05000US51113,"Madison County, Virginia",51,113,50,0,50,0,0,0,0,0,0,0,0,40,10,0,30,10,0,0,10,52,19,52,19,19,19,19,19,19,19,19,51,15,19,48,16,19,19,16
2012thru2016,050,05000US51115,"Mathews County, Virginia",51,115,105,0,105,25,0,25,0,50,0,35,15,25,0,0,25,0,0,0,0,86,17,86,40,17,40,17,66,17,56,32,46,17,17,46,17,17,17,17
2012thru2016,050,05000US51117,"Mecklenburg County, Virginia",51,117,20,0,20,0,0,0,0,15,0,0,15,0,0,0,0,4,0,4,0,19,25,19,25,25,25,25,19,25,25,19,25,25,25,25,25,25,25,25
2012thru2016,050,05000US51119,"Middlesex County, Virginia",51,119,20,0,20,10,4,4,0,0,0,0,0,4,0,4,0,0,0,0,0,20,19,20,18,9,19,19,19,19,19,19,19,19,19,19,19,19,19,19
2012thru2016,050,05000US51121,"Montgomery County, Virginia",51,121,620,0,620,145,0,60,85,370,65,215,90,105,15,10,80,0,0,0,0,223,28,223,112,28,70,90,160,79,138,103,70,29,13,64,28,28,28,28
2012thru2016,050,05000US51125,"Nelson County, Virginia",51,125,215,0,215,75,0,40,35,95,0,85,10,45,45,0,0,0,0,0,0,134,19,134,82,19,60,56,99,19,98,14,63,63,19,19,19,19,19,19
2012thru2016,050,05000US51127,"New Kent County, Virginia",51,127,0,0,0,0,0,0,0,0,0,0,0,0,0,0,0,0,0,0,0,0,22,0,22,22,22,22,22,22,22,22,22,22,22,22,0,22,22,0
2012thru2016,050,05000US51131,"Northampton County, Virginia",51,131,20,15,4,0,0,0,0,0,0,0,0,4,0,4,4,0,0,0,0,23,22,6,19,19,19,19,19,19,19,19,6,19,1,2,19,19,19,19
2012thru2016,050,05000US51133,"Northumberland County, Virginia",51,133,80,0,80,0,0,0,0,80,0,45,40,0,0,0,0,0,0,0,0,69,19,69,19,19,19,19,69,19,50,43,19,19,19,19,19,19,19,19
2012thru2016,050,05000US51135,"Nottoway County, Virginia",51,135,130,110,25,15,0,0,15,10,0,4,4,0,0,0,0,0,0,0,0,88,84,25,23,19,19,23,14,19,6,9,19,19,19,19,19,19,19,19
2012thru2016,050,05000US51137,"Orange County, Virginia",51,137,120,0,120,0,0,0,0,80,0,70,10,40,0,0,40,0,0,0,0,70,25,70,25,25,25,25,75,25,72,19,56,25,25,56,25,25,25,25
2012thru2016,050,05000US51139,"Page County, Virginia",51,139,235,20,215,20,0,10,10,145,0,145,0,20,0,20,0,30,30,0,0,123,39,119,25,22,20,14,100,22,100,22,26,22,26,22,49,49,22,22
2012thru2016,050,05000US51141,"Patrick County, Virginia",51,141,275,10,265,230,25,165,35,35,0,35,0,0,0,0,0,0,0,0,0,138,14,137,134,40,114,60,28,19,28,19,19,19,19,19,19,19,19,19
2012thru2016,050,05000US51143,"Pittsylvania County, Virginia",51,143,240,65,175,55,30,0,25,90,10,65,15,0,0,0,0,30,0,30,0,107,72,85,55,40,28,38,67,15,61,23,28,28,28,28,45,28,45,28
2012thru2016,050,05000US51145,"Powhatan County, Virginia",51,145,0,0,0,0,0,0,0,0,0,0,0,0,0,0,0,0,0,0,0,22,22,22,22,22,22,22,22,22,22,22,22,22,22,22,22,22,22,22
2012thru2016,050,05000US51147,"Prince Edward County, Virginia",51,147,0,0,0,0,0,0,0,0,0,0,0,0,0,0,0,0,0,0,0,22,22,22,22,22,22,22,22,22,22,22,22,22,22,22,22,22,22,22
2012thru2016,050,05000US51149,"Prince George County, Virginia",51,149,180,10,170,0,0,0,0,55,0,40,15,115,25,40,50,0,0,0,0,135,14,135,25,25,25,25,69,25,63,31,108,41,58,75,25,25,25,25
2012thru2016,050,05000US51153,"Prince William County, Virginia",51,153,1710,55,1655,40,10,4,25,590,95,290,205,690,15,440,240,335,200,50,90,340,49,337,40,15,13,36,209,77,163,120,211,18,198,116,156,123,61,70
2012thru2016,050,05000US51155,"Pulaski County, Virginia",51,155,295,35,265,165,75,15,80,0,0,0,0,95,25,0,75,0,0,0,0,174,53,162,131,92,23,89,25,25,25,25,95,40,25,87,25,25,25,25
2012thru2016,050,05000US51157,"Rappahannock County, Virginia",51,157,0,0,0,0,0,0,0,0,0,0,0,0,0,0,0,0,0,0,0,0,0,17,17,17,17,17,17,17,17,17,17,17,17,17,17,17,17,17
2012thru2016,050,05000US51159,"Richmond County, Virginia",51,159,0,0,0,0,0,0,0,0,0,0,0,0,0,0,0,0,0,0,0,0,17,0,17,17,17,17,17,17,17,17,0,0,17,0,17,17,17,17
2012thru2016,050,05000US51161,"Roanoke County, Virginia",51,161,565,55,510,0,0,0,0,295,45,160,90,215,0,140,75,0,0,0,0,234,90,220,28,28,28,28,168,72,111,88,151,28,130,73,28,28,28,28
2012thru2016,050,05000US51163,"Rockbridge County, Virginia",51,163,110,4,105,0,0,0,0,40,0,35,4,55,10,45,0,10,0,0,10,81,10,82,22,22,22,22,45,22,43,16,70,23,65,22,16,22,22,16
2012thru2016,050,05000US51165,"Rockingham County, Virginia",51,165,525,70,455,95,10,30,60,195,40,65,95,105,0,45,60,55,40,0,15,175,54,170,87,12,44,71,105,45,56,77,92,28,58,74,69,69,28,22
2012thru2016,050,05000US51167,"Russell County, Virginia",51,167,360,90,270,125,4,100,20,140,115,30,0,0,0,0,0,0,0,0,0,158,77,138,80,4,75,31,106,100,39,22,22,22,22,22,22,22,22,22
2012thru2016,050,05000US51169,"Scott County, Virginia",51,169,240,25,215,75,0,50,25,135,30,65,40,4,4,0,0,0,0,0,0,112,39,99,68,22,58,38,81,34,53,41,22,22,22,22,22,22,22,22
2012thru2016,050,05000US51171,"Shenandoah County, Virginia",51,171,275,35,240,0,0,0,0,105,65,40,0,115,70,4,40,15,0,10,10,149,62,139,25,25,25,25,92,79,30,25,107,94,18,45,21,25,13,13
2012thru2016,050,05000US51173,"Smyth County, Virginia",51,173,225,0,225,150,0,135,20,50,0,50,0,0,0,0,0,20,0,20,0,106,25,106,86,25,80,31,54,25,54,25,25,25,25,25,40,25,40,25
2012thru2016,050,05000US51175,"Southampton County, Virginia",51,175,140,35,105,50,0,4,45,35,0,35,0,0,0,0,0,20,20,0,0,76,40,66,51,19,10,53,36,19,36,19,19,19,19,19,32,32,19,19
2012thru2016,050,05000US51177,"Spotsylvania County, Virginia",51,177,800,80,720,120,10,0,110,350,0,205,145,150,30,85,40,100,100,0,0,221,85,212,75,17,28,72,141,28,118,94,105,44,73,64,71,71,28,28
2012thru2016,050,05000US51179,"Stafford County, Virginia",51,179,585,10,575,55,15,0,40,365,35,170,160,100,25,55,15,55,0,0,55,217,22,215,66,31,28,61,165,59,127,85,94,39,66,23,51,28,28,51
2012thru2016,050,05000US51181,"Surry County, Virginia",51,181,55,4,50,0,0,0,0,30,0,20,10,20,0,15,4,0,0,0,0,41,3,41,17,17,17,17,33,17,29,15,24,17,23,3,17,17,17,17
2012thru2016,050,05000US51183,"Sussex County, Virginia",51,183,80,15,70,25,0,25,0,45,0,30,15,0,0,0,0,0,0,0,0,55,23,52,39,19,39,19,37,19,32,21,19,19,19,19,19,19,19,19
2012thru2016,050,05000US51185,"Tazewell County, Virginia",51,185,370,85,285,100,10,80,10,115,15,100,4,70,0,70,0,0,0,0,0,171,83,160,74,12,71,12,83,24,80,9,85,25,85,25,25,25,25,25
2012thru2016,050,05000US51187,"Warren County, Virginia",51,187,365,25,335,0,0,0,0,190,65,30,95,100,100,0,0,50,0,0,50,157,36,155,25,25,25,25,111,59,36,96,83,83,25,25,76,25,25,76
2012thru2016,050,05000US51191,"Washington County, Virginia",51,191,140,25,115,0,0,0,0,100,10,50,40,4,4,0,0,10,0,0,10,95,42,85,28,28,28,28,83,15,58,50,4,4,28,28,18,28,28,18
2012thru2016,050,05000US51193,"Westmoreland County, Virginia",51,193,140,0,140,4,0,0,4,70,0,4,65,70,0,10,55,0,0,0,0,113,19,113,5,19,19,5,76,19,19,76,89,19,22,88,19,19,19,19
2012thru2016,050,05000US51195,"Wise County, Virginia",51,195,615,55,560,180,70,10,100,380,40,270,70,0,0,0,0,0,0,0,0,200,51,192,126,76,14,98,136,51,146,58,25,25,25,25,25,25,25,25
2012thru2016,050,05000US51197,"Wythe County, Virginia",51,197,335,20,310,45,0,0,45,255,35,190,35,10,0,0,10,0,0,0,0,147,38,144,67,22,22,67,129,46,115,44,19,22,22,19,22,22,22,22
2012thru2016,050,05000US51199,"York County, Virginia",51,199,845,0,845,75,20,55,0,40,0,30,10,155,0,90,70,570,255,220,95,207,28,207,66,37,58,28,45,28,43,16,112,28,85,77,155,119,122,74
2012thru2016,050,05000US51510,"Alexandria city, Virginia",51,510,1850,0,1850,65,25,45,0,235,110,120,0,525,210,150,160,1025,390,545,90,416,28,416,80,40,69,28,155,112,97,28,220,145,104,103,320,167,244,93
2012thru2016,050,05000US51520,"Bristol city, Virginia",51,520,360,0,360,0,0,0,0,170,85,55,30,165,0,100,65,25,25,0,0,161,19,161,19,19,19,19,86,78,62,38,132,19,111,78,38,38,19,19
2012thru2016,050,05000US51530,"Buena Vista city, Virginia",51,530,130,0,130,0,0,0,0,130,0,130,0,0,0,0,0,0,0,0,0,88,17,88,17,17,17,17,88,17,88,17,17,17,17,17,17,17,17,17
2012thru2016,050,05000US51540,"Charlottesville city, Virginia",51,540,545,30,515,25,25,0,0,245,95,95,55,150,0,20,130,95,0,55,40,187,47,170,38,38,25,25,118,70,76,56,90,25,24,89,77,25,63,42
2012thru2016,050,05000US51550,"Chesapeake city, Virginia",51,550,1610,50,1560,45,0,45,0,340,0,275,65,960,150,420,390,210,105,60,45,369,63,362,80,28,80,28,177,28,164,62,288,123,223,200,168,118,81,54
2012thru2016,050,05000US51570,"Colonial Heights city, Virginia",51,570,0,0,0,0,0,0,0,0,0,0,0,0,0,0,0,0,0,0,0,0,0,0,19,19,19,19,19,19,19,19,0,19,19,0,19,19,19,19
2012thru2016,050,05000US51580,"Covington city, Virginia",51,580,180,30,145,25,25,0,0,125,0,95,30,0,0,0,0,0,0,0,0,106,36,87,37,37,17,17,83,17,76,33,17,17,17,17,17,17,17,17
2012thru2016,050,05000US51590,"Danville city, Virginia",51,590,615,85,525,45,0,45,0,385,95,190,100,55,0,15,35,40,10,20,15,192,73,176,47,25,47,25,157,85,96,83,55,25,28,53,37,21,33,18
2012thru2016,050,05000US51595,"Emporia city, Virginia",51,595,0,0,0,0,0,0,0,0,0,0,0,0,0,0,0,0,0,0,0,0,0,0,17,17,17,17,17,17,17,17,0,17,0,17,17,17,17,17
2012thru2016,050,05000US51600,"Fairfax city, Virginia",51,600,100,0,100,0,0,0,0,0,0,0,0,35,0,35,0,65,0,0,65,89,22,89,22,22,22,22,22,22,22,22,57,22,57,22,69,22,22,69
2012thru2016,050,05000US51610,"Falls Church city, Virginia",51,610,195,0,195,20,0,0,20,0,0,0,0,0,0,0,0,175,155,20,0,103,19,103,33,19,19,33,19,19,19,19,19,19,19,19,99,99,38,19
2012thru2016,050,05000US51620,"Franklin city, Virginia",51,620,85,40,40,0,0,0,0,20,0,20,0,20,0,20,0,0,0,0,0,65,51,44,17,17,17,17,33,17,33,17,31,17,31,17,17,17,17,17
2012thru2016,050,05000US51630,"Fredericksburg city, Virginia",51,630,390,35,355,35,0,35,0,225,25,185,15,70,0,20,45,30,0,30,0,167,54,157,42,22,42,22,114,41,119,24,81,22,38,71,49,22,49,22
2012thru2016,050,05000US51640,"Galax city, Virginia",51,640,190,0,190,30,15,0,15,160,65,0,90,0,0,0,0,0,0,0,0,108,17,108,36,27,17,27,103,73,17,77,17,17,17,17,17,17,17,17
2012thru2016,050,05000US51650,"Hampton city, Virginia",51,650,1860,25,1840,115,55,0,60,625,120,375,130,870,550,145,175,230,175,0,55,388,30,391,101,63,28,74,223,94,179,112,259,191,123,133,134,121,28,53
2012thru2016,050,05000US51660,"Harrisonburg city, Virginia",51,660,265,0,265,20,0,20,0,95,65,10,20,95,15,55,30,60,30,15,15,112,28,112,36,28,36,28,81,72,16,35,54,24,41,33,47,31,24,28
2012thru2016,050,05000US51670,"Hopewell city, Virginia",51,670,540,60,480,80,25,0,55,315,45,245,25,90,20,70,0,0,0,0,0,214,73,193,75,31,22,68,156,42,147,41,85,34,78,22,22,22,22,22
2012thru2016,050,05000US51678,"Lexington city, Virginia",51,678,0,0,0,0,0,0,0,0,0,0,0,0,0,0,0,0,0,0,0,0,17,0,17,17,17,17,17,17,17,17,0,0,17,17,0,17,17,0
2012thru2016,050,05000US51680,"Lynchburg city, Virginia",51,680,1010,90,925,20,20,0,0,470,50,225,195,350,70,155,125,85,30,55,0,281,68,273,27,27,28,28,176,50,132,126,190,79,140,123,85,45,70,28
2012thru2016,050,05000US51683,"Manassas city, Virginia",51,683,285,0,285,20,0,20,0,95,30,0,65,105,25,60,20,65,65,0,0,142,25,142,37,25,37,25,84,43,25,70,88,38,69,36,85,85,25,25
2012thru2016,050,05000US51685,"Manassas Park city, Virginia",51,685,0,0,0,0,0,0,0,0,0,0,0,0,0,0,0,0,0,0,0,0,19,0,19,19,19,19,0,19,19,0,19,19,19,19,19,19,19,19
2012thru2016,050,05000US51690,"Martinsville city, Virginia",51,690,250,0,250,40,0,25,20,200,45,135,20,4,0,4,0,0,0,0,0,122,19,122,48,19,37,32,106,50,91,25,11,19,11,19,19,19,19,19
2012thru2016,050,05000US51700,"Newport News city, Virginia",51,700,3355,25,3330,165,30,120,15,1690,350,1115,225,1175,415,445,320,300,240,50,10,538,35,523,106,37,90,24,335,165,233,111,284,153,151,159,148,115,80,15
2012thru2016,050,05000US51710,"Norfolk city, Virginia",51,710,3490,480,3015,70,30,30,10,1165,310,640,215,1335,370,480,485,445,155,210,80,415,188,383,50,34,35,16,263,126,183,112,265,135,147,171,155,84,116,50
2012thru2016,050,05000US51720,"Norton city, Virginia",51,720,0,0,0,0,0,0,0,0,0,0,0,0,0,0,0,0,0,0,0,12,12,12,12,12,12,12,12,12,12,12,12,12,12,12,12,12,12,12
2012thru2016,050,05000US51730,"Petersburg city, Virginia",51,730,1285,135,1150,145,0,120,25,620,40,495,85,315,95,220,0,70,70,0,0,241,79,234,90,25,78,41,183,46,164,59,128,67,110,25,71,71,25,25
2012thru2016,050,05000US51735,"Poquoson city, Virginia",51,735,0,0,0,0,0,0,0,0,0,0,0,0,0,0,0,0,0,0,0,19,19,19,19,19,19,19,19,19,19,19,19,19,19,19,19,19,19,19
2012thru2016,050,05000US51740,"Portsmouth city, Virginia",51,740,1290,55,1235,25,0,15,10,555,105,315,135,585,115,170,295,70,30,30,10,255,74,255,29,28,27,15,161,70,130,79,187,79,97,132,46,39,28,13
2012thru2016,050,05000US51750,"Radford city, Virginia",51,750,375,30,345,155,4,60,90,130,20,40,65,30,0,0,30,30,0,30,0,148,46,154,96,8,73,70,90,35,51,65,48,19,19,48,51,19,51,19
2012thru2016,050,05000US51760,"Richmond city, Virginia",51,760,3305,180,3120,215,45,50,120,1795,595,860,340,930,485,360,85,185,40,120,20,441,110,421,109,70,36,61,322,183,214,161,237,176,158,74,110,51,93,37
2012thru2016,050,05000US51770,"Roanoke city, Virginia",51,770,1580,110,1470,160,30,55,75,985,215,535,230,195,55,45,95,130,30,45,60,306,86,304,104,44,54,73,271,121,227,125,109,47,52,82,78,27,51,64
2012thru2016,050,05000US51775,"Salem city, Virginia",51,775,175,0,175,35,0,35,0,50,0,50,0,90,0,90,0,0,0,0,0,98,22,98,50,22,50,22,54,22,54,22,79,22,79,22,22,22,22,22
2012thru2016,050,05000US51790,"Staunton city, Virginia",51,790,580,85,500,20,0,0,20,370,80,225,65,80,0,65,20,25,25,0,0,211,64,203,31,22,22,31,174,83,145,74,64,22,63,32,42,42,22,22
2012thru2016,050,05000US51800,"Suffolk city, Virginia",51,800,690,145,545,85,0,50,35,200,10,160,25,230,20,95,115,35,0,10,25,203,115,158,68,28,54,38,87,21,82,32,113,34,75,92,38,28,13,36
2012thru2016,050,05000US51810,"Virginia Beach city, Virginia",51,810,3430,0,3430,30,0,30,0,330,85,175,70,2020,275,1035,710,1045,215,330,495,518,28,518,43,28,43,28,147,61,121,54,359,140,273,231,286,152,179,192
2012thru2016,050,05000US51820,"Waynesboro city, Virginia",51,820,220,0,220,0,0,0,0,190,60,70,60,30,0,30,0,0,0,0,0,125,22,125,22,22,22,22,121,92,82,83,51,22,51,22,22,22,22,22
2012thru2016,050,05000US51830,"Williamsburg city, Virginia",51,830,0,0,0,0,0,0,0,0,0,0,0,0,0,0,0,0,0,0,0,0,19,0,0,19,0,19,19,19,19,19,19,19,19,19,0,19,0,19
2012thru2016,050,05000US51840,"Winchester city, Virginia",51,840,475,35,440,0,0,0,0,155,50,100,0,275,90,145,40,15,0,15,0,192,54,184,22,22,22,22,116,58,95,22,128,84,92,49,23,22,23,22
2012thru2016,050,05000US53001,"Adams County, Washington",53,001,105,30,75,10,10,0,0,45,0,40,10,20,0,0,20,0,0,0,0,56,34,45,16,16,19,19,33,19,31,14,33,19,19,33,19,19,19,19
2012thru2016,050,05000US53003,"Asotin County, Washington",53,003,65,0,65,0,0,0,0,25,0,15,10,40,20,20,0,0,0,0,0,57,22,57,22,22,22,22,23,22,25,16,48,32,37,22,22,22,22,22
2012thru2016,050,05000US53005,"Benton County, Washington",53,005,1420,40,1380,115,0,0,115,575,125,200,250,425,190,180,55,260,160,0,105,288,61,300,103,28,28,103,178,100,123,130,180,121,109,65,150,124,28,100
2012thru2016,050,05000US53007,"Chelan County, Washington",53,007,855,55,800,180,0,180,0,265,70,70,125,205,155,50,0,140,75,45,25,270,50,267,136,28,136,28,144,79,75,115,127,124,44,28,121,91,71,28
2012thru2016,050,05000US53009,"Clallam County, Washington",53,009,555,50,505,50,0,4,45,260,55,185,25,135,30,55,55,55,25,0,30,184,58,173,52,28,10,51,117,58,100,39,95,44,59,64,57,39,28,42
2012thru2016,050,05000US53011,"Clark County, Washington",53,011,1745,280,1465,25,0,0,25,310,90,155,65,870,235,380,255,260,165,0,90,342,150,332,36,28,28,36,139,101,84,56,236,134,164,129,179,159,28,91
2012thru2016,050,05000US53013,"Columbia County, Washington",53,013,0,0,0,0,0,0,0,0,0,0,0,0,0,0,0,0,0,0,0,0,12,0,12,12,12,12,0,12,12,0,12,12,12,12,12,12,12,12
2012thru2016,050,05000US53015,"Cowlitz County, Washington",53,015,635,35,600,15,0,0,15,400,95,225,80,185,55,65,60,0,0,0,0,198,54,197,25,28,28,25,150,81,117,80,106,57,69,58,28,28,28,28
2012thru2016,050,05000US53017,"Douglas County, Washington",53,017,180,4,170,0,0,0,0,55,0,15,40,95,15,30,55,20,0,0,20,97,12,97,25,25,25,25,63,25,17,60,64,23,41,47,35,25,25,35
2012thru2016,050,05000US53019,"Ferry County, Washington",53,019,95,4,85,20,10,0,10,30,4,0,25,35,35,0,0,4,4,0,0,53,13,51,25,23,17,11,23,17,17,22,41,41,17,17,17,17,17,17
2012thru2016,050,05000US53021,"Franklin County, Washington",53,021,255,0,255,30,0,25,4,145,100,25,20,85,0,40,40,0,0,0,0,136,28,136,34,28,34,9,99,94,44,15,93,28,69,62,28,28,28,28
2012thru2016,050,05000US53023,"Garfield County, Washington",53,023,0,0,0,0,0,0,0,0,0,0,0,0,0,0,0,0,0,0,0,12,12,12,12,12,12,12,12,12,12,12,12,12,12,12,12,12,12,12
2012thru2016,050,05000US53025,"Grant County, Washington",53,025,775,25,750,125,10,75,40,250,80,45,125,325,55,50,220,55,0,0,55,248,34,243,84,13,74,38,124,63,49,77,182,80,88,140,84,28,28,84
2012thru2016,050,05000US53027,"Grays Harbor County, Washington",53,027,400,35,365,60,40,10,10,200,90,65,40,95,45,35,15,10,0,10,0,171,35,164,69,65,22,14,117,87,62,54,74,43,57,24,16,28,16,28
2012thru2016,050,05000US53029,"Island County, Washington",53,029,390,0,390,75,25,45,0,90,0,70,20,210,10,75,125,20,0,4,15,139,28,139,86,43,73,28,78,28,74,27,130,14,63,111,27,28,4,25
2012thru2016,050,05000US53031,"Jefferson County, Washington",53,031,225,60,165,35,0,4,30,95,25,15,55,15,15,0,0,20,20,0,0,133,76,110,37,25,7,37,94,39,29,84,30,30,25,25,32,32,25,25
2012thru2016,050,05000US53033,"King County, Washington",53,033,11305,970,10335,710,305,125,280,3780,1485,1775,520,2380,840,855,685,3465,1930,995,535,906,269,853,237,161,107,153,541,366,389,183,405,300,278,247,591,429,371,208
2012thru2016,050,05000US53035,"Kitsap County, Washington",53,035,2520,45,2475,125,20,4,100,815,275,390,150,1260,375,460,430,270,150,30,85,439,55,440,103,29,28,99,271,181,190,109,290,183,174,159,119,89,29,104
2012thru2016,050,05000US53037,"Kittitas County, Washington",53,037,720,60,665,90,0,45,45,220,140,25,50,285,120,60,105,65,45,0,20,262,73,253,98,25,70,71,128,111,30,55,175,110,85,101,83,74,25,38
2012thru2016,050,05000US53039,"Klickitat County, Washington",53,039,155,0,155,10,0,4,4,65,4,45,10,60,40,15,0,25,25,0,0,104,22,104,14,22,4,8,46,10,48,15,70,67,20,22,32,32,22,22
2012thru2016,050,05000US53041,"Lewis County, Washington",53,041,480,70,410,0,0,0,0,175,40,65,70,200,70,55,75,35,25,0,10,145,83,119,28,28,28,28,95,52,49,59,110,61,55,68,44,40,28,14
2012thru2016,050,05000US53043,"Lincoln County, Washington",53,043,80,4,75,20,0,15,4,45,0,20,25,10,10,0,0,0,0,0,0,46,19,46,18,19,19,19,39,19,23,31,15,15,19,19,19,19,19,19
2012thru2016,050,05000US53045,"Mason County, Washington",53,045,445,0,445,15,15,4,4,85,15,4,70,250,40,140,70,95,55,40,0,186,28,186,26,24,3,3,99,25,4,95,151,64,114,60,88,62,63,28
2012thru2016,050,05000US53047,"Okanogan County, Washington",53,047,190,70,120,15,0,4,10,95,20,60,20,4,4,0,0,0,0,0,0,67,43,56,23,25,6,21,53,22,42,24,10,10,25,25,25,25,25,25
2012thru2016,050,05000US53049,"Pacific County, Washington",53,049,95,15,80,25,0,25,0,50,15,4,30,0,0,0,0,4,0,4,0,48,21,45,24,22,24,22,38,27,10,30,22,22,22,22,10,22,10,22
2012thru2016,050,05000US53051,"Pend Oreille County, Washington",53,051,105,0,105,75,50,20,4,25,0,25,0,4,4,0,0,0,0,0,0,47,19,47,45,32,32,12,21,19,21,19,7,7,19,19,19,19,19,19
2012thru2016,050,05000US53053,"Pierce County, Washington",53,053,5630,270,5360,155,20,50,80,1725,775,640,310,2720,725,1130,865,760,215,300,245,657,125,632,89,28,54,66,362,247,197,140,473,215,329,234,245,120,162,134
2012thru2016,050,05000US53055,"San Juan County, Washington",53,055,175,30,145,15,0,15,0,45,15,25,4,70,20,40,15,20,4,15,4,54,21,48,16,19,16,19,20,15,12,10,35,18,30,14,17,19,16,19
2012thru2016,050,05000US53057,"Skagit County, Washington",53,057,690,285,405,4,4,4,4,170,30,130,15,140,25,80,30,95,80,4,4,220,140,151,9,1,5,2,110,36,102,16,92,39,81,37,79,79,19,10
2012thru2016,050,05000US53059,"Skamania County, Washington",53,059,95,0,95,25,0,15,10,60,30,25,4,4,0,4,0,4,0,4,0,49,19,49,29,19,27,15,41,28,29,10,19,19,19,19,10,19,10,19
2012thru2016,050,05000US53061,"Snohomish County, Washington",53,061,4065,500,3565,125,30,45,50,1985,655,1040,290,960,180,560,225,495,335,90,75,525,209,493,75,32,63,39,416,257,313,158,297,135,230,127,223,194,86,68
2012thru2016,050,05000US53063,"Spokane County, Washington",53,063,3760,260,3500,265,130,65,70,2085,700,980,405,1015,290,475,250,135,65,20,55,572,147,571,144,114,65,56,429,223,291,199,265,160,181,129,106,68,36,71
2012thru2016,050,05000US53065,"Stevens County, Washington",53,065,240,4,235,20,0,4,15,140,40,35,65,75,20,55,0,0,0,0,0,111,10,111,14,25,14,13,70,30,37,52,85,24,82,25,25,25,25,25
2012thru2016,050,05000US53067,"Thurston County, Washington",53,067,2065,335,1730,55,0,30,25,400,145,125,135,965,280,370,320,305,125,110,70,421,181,401,56,28,42,38,181,133,96,91,270,159,207,134,177,108,123,85
2012thru2016,050,05000US53069,"Wahkiakum County, Washington",53,069,0,0,0,0,0,0,0,0,0,0,0,0,0,0,0,0,0,0,0,0,12,0,0,12,12,0,0,0,12,12,12,12,12,12,12,12,12,12
2012thru2016,050,05000US53071,"Walla Walla County, Washington",53,071,435,70,370,10,0,0,10,165,55,75,35,130,70,30,30,65,45,0,20,157,63,146,16,28,28,16,121,74,88,45,93,68,43,49,72,68,28,24
2012thru2016,050,05000US53073,"Whatcom County, Washington",53,073,1155,130,1025,105,60,15,25,385,160,45,180,455,80,125,255,85,55,35,0,340,106,301,85,76,27,34,183,124,63,135,230,89,110,186,79,62,51,28
2012thru2016,050,05000US53075,"Whitman County, Washington",53,075,665,80,585,105,65,25,15,265,95,145,25,130,4,50,75,85,0,25,60,229,71,212,67,66,26,12,149,102,115,36,105,9,58,87,79,25,39,69
2012thru2016,050,05000US53077,"Yakima County, Washington",53,077,1315,125,1190,135,45,75,15,565,315,175,75,445,140,205,105,45,4,40,0,346,83,339,96,50,81,17,226,173,131,57,188,89,133,90,64,10,65,28
2012thru2016,050,05000US54001,"Barbour County, West Virginia",54,001,80,0,80,10,0,10,4,70,20,25,20,0,0,0,0,0,0,0,0,43,18,43,17,18,13,3,43,25,31,22,18,18,18,18,18,18,18,18
2012thru2016,050,05000US54003,"Berkeley County, West Virginia",54,003,800,0,800,135,20,30,85,490,140,170,175,180,40,40,100,0,0,0,0,248,27,248,79,38,45,63,213,101,139,130,114,63,47,91,27,27,27,27
2012thru2016,050,05000US54005,"Boone County, West Virginia",54,005,705,345,360,190,20,50,120,145,0,75,75,25,0,25,0,0,0,0,0,186,113,151,94,29,54,67,105,21,61,65,36,21,36,21,21,21,21,21
2012thru2016,050,05000US54007,"Braxton County, West Virginia",54,007,75,0,75,40,10,25,0,35,20,0,15,4,0,4,0,0,0,0,0,51,18,51,45,19,40,18,33,37,18,23,3,18,3,18,18,18,18,18
2012thru2016,050,05000US54009,"Brooke County, West Virginia",54,009,145,25,125,40,0,20,20,85,40,40,0,0,0,0,0,0,0,0,0,103,32,99,45,21,31,36,86,58,62,21,21,21,21,21,21,21,21,21
2012thru2016,050,05000US54011,"Cabell County, West Virginia",54,011,1255,65,1195,105,60,45,0,425,180,160,85,525,140,200,190,130,65,70,0,237,43,241,81,67,44,27,140,86,92,72,158,84,113,125,113,60,81,27
2012thru2016,050,05000US54013,"Calhoun County, West Virginia",54,013,45,15,25,0,0,0,0,25,0,0,25,0,0,0,0,0,0,0,0,47,22,45,16,16,16,16,45,16,16,45,16,16,16,16,16,16,16,16
2012thru2016,050,05000US54015,"Clay County, West Virginia",54,015,30,0,30,30,30,0,0,0,0,0,0,0,0,0,0,0,0,0,0,23,16,23,23,23,16,16,16,16,16,16,16,16,16,16,16,16,16,16
2012thru2016,050,05000US54017,"Doddridge County, West Virginia",54,017,55,20,35,35,0,0,35,0,0,0,0,0,0,0,0,0,0,0,0,57,24,52,52,16,16,52,16,16,16,16,16,16,16,16,16,16,16,16
2012thru2016,050,05000US54019,"Fayette County, West Virginia",54,019,305,90,215,75,15,20,45,65,20,35,10,60,50,10,0,10,0,0,10,107,57,97,58,22,23,50,39,20,32,20,59,55,20,24,20,24,24,20
2012thru2016,050,05000US54021,"Gilmer County, West Virginia",54,021,0,0,0,0,0,0,0,0,0,0,0,0,0,0,0,0,0,0,0,0,16,0,16,16,16,16,16,16,16,16,0,0,16,16,16,16,16,16
2012thru2016,050,05000US54023,"Grant County, West Virginia",54,023,230,0,230,60,0,60,0,135,25,80,35,35,20,15,0,0,0,0,0,102,18,102,63,18,63,18,86,28,69,36,40,34,25,18,18,18,18,18
2012thru2016,050,05000US54025,"Greenbrier County, West Virginia",54,025,300,75,225,55,0,30,25,110,35,70,10,50,15,35,0,10,0,10,0,117,76,98,42,24,37,22,70,32,64,17,38,24,31,24,13,24,13,24
2012thru2016,050,05000US54027,"Hampshire County, West Virginia",54,027,115,40,75,65,4,60,4,10,4,4,4,0,0,0,0,0,0,0,0,87,63,53,52,4,52,4,12,4,10,3,21,21,21,21,21,21,21,21
2012thru2016,050,05000US54029,"Hancock County, West Virginia",54,029,355,60,295,70,0,55,20,215,35,140,35,10,10,0,0,0,0,0,0,159,58,159,89,24,86,32,135,46,118,53,13,13,24,24,24,24,24,24
2012thru2016,050,05000US54031,"Hardy County, West Virginia",54,031,205,0,205,60,10,50,0,135,30,105,4,4,0,0,4,0,0,0,0,102,18,102,59,18,60,18,83,34,75,1,4,18,18,4,18,18,18,18
2012thru2016,050,05000US54033,"Harrison County, West Virginia",54,033,495,120,375,65,25,45,0,140,55,85,0,80,55,4,15,90,0,20,70,156,74,141,64,41,50,27,94,54,79,27,65,58,11,23,90,27,38,102
2012thru2016,050,05000US54035,"Jackson County, West Virginia",54,035,155,50,105,25,0,25,0,80,0,70,10,0,0,0,0,0,0,0,0,98,66,87,41,21,41,21,79,21,78,17,21,21,21,21,21,21,21,21
2012thru2016,050,05000US54037,"Jefferson County, West Virginia",54,037,325,15,315,45,0,35,10,185,40,65,75,65,0,10,55,20,0,0,20,128,23,132,52,27,48,17,97,49,48,70,68,27,16,68,26,27,27,26
2012thru2016,050,05000US54039,"Kanawha County, West Virginia",54,039,1630,55,1575,70,0,15,55,865,225,465,180,535,230,155,155,100,20,35,40,330,66,320,49,27,24,42,244,111,170,106,215,156,123,120,93,40,59,61
2012thru2016,050,05000US54041,"Lewis County, West Virginia",54,041,135,20,115,55,4,0,50,40,0,40,0,0,0,0,0,20,0,20,0,82,33,76,57,18,18,56,43,18,43,18,18,18,18,18,30,18,30,18
2012thru2016,050,05000US54043,"Lincoln County, West Virginia",54,043,100,20,80,30,0,30,0,40,0,40,0,10,10,0,0,0,0,0,0,70,32,57,32,21,32,21,44,21,44,21,14,14,21,21,21,21,21,21
2012thru2016,050,05000US54045,"Logan County, West Virginia",54,045,910,535,380,170,4,4,155,190,50,80,60,15,10,0,4,0,0,0,0,231,158,146,115,12,12,113,99,35,68,59,22,19,24,7,24,24,24,24
2012thru2016,050,05000US54047,"McDowell County, West Virginia",54,047,160,65,95,95,15,55,20,4,0,0,4,0,0,0,0,0,0,0,0,87,41,74,73,24,66,23,4,21,21,4,21,21,21,21,21,21,21,21
2012thru2016,050,05000US54049,"Marion County, West Virginia",54,049,535,95,440,50,15,35,0,195,35,135,25,175,95,80,0,15,15,0,0,181,79,159,49,24,45,27,96,43,80,28,112,75,71,27,25,25,27,27
2012thru2016,050,05000US54051,"Marshall County, West Virginia",54,051,225,40,185,45,10,30,10,110,40,50,25,4,0,4,0,25,0,0,25,101,30,97,31,14,26,14,81,42,66,34,2,24,2,24,34,24,24,34
2012thru2016,050,05000US54053,"Mason County, West Virginia",54,053,85,4,80,40,0,35,4,10,0,4,4,30,0,30,0,0,0,0,0,72,10,71,54,21,54,21,20,21,18,21,47,21,47,21,21,21,21,21
2012thru2016,050,05000US54055,"Mercer County, West Virginia",54,055,650,85,560,80,0,40,40,395,90,80,225,60,30,20,4,30,0,0,30,207,82,205,51,27,44,29,203,89,74,147,41,34,26,10,37,27,27,37
2012thru2016,050,05000US54057,"Mineral County, West Virginia",54,057,330,20,315,135,50,80,4,175,4,115,55,0,0,0,0,0,0,0,0,136,18,137,106,71,82,10,103,9,85,65,21,21,21,21,21,21,21,21
2012thru2016,050,05000US54059,"Mingo County, West Virginia",54,059,195,110,85,60,45,20,0,20,10,4,0,4,0,4,0,0,0,0,0,82,73,49,47,43,20,21,22,20,11,21,21,21,21,21,21,21,21,21
2012thru2016,050,05000US54061,"Monongalia County, West Virginia",54,061,1730,70,1660,105,0,55,50,460,220,215,25,650,450,150,50,440,440,0,0,337,68,333,76,27,56,50,198,131,127,43,251,179,134,53,174,174,27,27
2012thru2016,050,05000US54063,"Monroe County, West Virginia",54,063,75,30,45,0,0,0,0,20,20,0,0,25,15,4,0,0,0,0,0,52,25,45,18,18,18,18,39,39,18,18,30,31,11,18,18,18,18,18
2012thru2016,050,05000US54065,"Morgan County, West Virginia",54,065,270,50,220,55,10,15,35,120,20,35,65,40,0,40,0,0,0,0,0,115,66,95,46,15,18,41,102,28,48,88,65,18,65,18,18,18,18,18
2012thru2016,050,05000US54067,"Nicholas County, West Virginia",54,067,195,0,195,110,15,95,0,85,30,20,35,0,0,0,0,0,0,0,0,87,21,87,74,30,73,21,71,33,29,57,21,21,21,21,21,21,21,21
2012thru2016,050,05000US54069,"Ohio County, West Virginia",54,069,735,95,635,230,130,75,25,265,25,235,4,120,60,50,10,25,20,4,0,172,67,156,99,74,57,38,122,25,124,9,77,54,57,13,32,33,11,24
2012thru2016,050,05000US54071,"Pendleton County, West Virginia",54,071,0,0,0,0,0,0,0,0,0,0,0,0,0,0,0,0,0,0,0,0,16,0,0,0,16,16,0,0,16,16,16,16,16,16,16,16,16,16
2012thru2016,050,05000US54073,"Pleasants County, West Virginia",54,073,0,0,0,0,0,0,0,0,0,0,0,0,0,0,0,0,0,0,0,0,16,0,16,16,16,16,0,16,0,16,16,16,16,16,0,16,0,16
2012thru2016,050,05000US54075,"Pocahontas County, West Virginia",54,075,150,20,125,45,10,10,25,40,20,20,0,4,0,0,4,30,25,10,0,53,21,52,29,14,23,24,33,24,25,16,14,16,16,14,29,29,13,16
2012thru2016,050,05000US54077,"Preston County, West Virginia",54,077,90,4,85,70,25,4,40,20,4,10,0,0,0,0,0,0,0,0,0,49,12,48,46,21,7,40,19,10,15,24,24,24,24,24,24,24,24,24
2012thru2016,050,05000US54079,"Putnam County, West Virginia",54,079,175,0,175,60,0,60,0,110,0,95,15,0,0,0,0,0,0,0,0,124,27,124,60,27,60,27,101,27,95,26,27,27,27,27,27,27,27,27
2012thru2016,050,05000US54081,"Raleigh County, West Virginia",54,081,605,35,570,135,45,55,35,290,70,150,70,120,25,45,50,25,0,25,0,205,40,201,110,68,64,57,130,70,87,71,101,40,73,61,37,27,37,27
2012thru2016,050,05000US54083,"Randolph County, West Virginia",54,083,85,4,80,10,0,0,10,65,4,60,0,4,0,4,0,0,0,0,0,67,9,66,20,21,21,20,63,4,64,21,10,21,10,21,21,21,21,21
2012thru2016,050,05000US54085,"Ritchie County, West Virginia",54,085,55,25,30,4,0,0,4,0,0,0,0,4,4,0,0,25,0,0,25,43,23,38,7,18,18,7,18,18,18,18,9,9,18,18,37,18,18,37
2012thru2016,050,05000US54087,"Roane County, West Virginia",54,087,95,40,55,40,4,15,25,0,0,0,0,15,0,15,0,0,0,0,0,72,47,52,45,4,23,37,18,18,18,18,25,18,25,18,18,18,18,18
2012thru2016,050,05000US54089,"Summers County, West Virginia",54,089,0,0,0,0,0,0,0,0,0,0,0,0,0,0,0,0,0,0,0,0,0,0,18,18,18,18,0,18,18,0,18,18,18,18,18,18,18,18
2012thru2016,050,05000US54091,"Taylor County, West Virginia",54,091,30,4,30,0,0,0,0,25,0,25,0,4,0,4,0,0,0,0,0,43,4,43,18,18,18,18,40,18,40,18,4,18,4,18,18,18,18,18
2012thru2016,050,05000US54093,"Tucker County, West Virginia",54,093,245,10,235,70,10,4,50,105,45,35,25,55,0,15,40,10,0,10,0,107,15,109,54,18,8,51,68,44,37,35,45,16,21,40,14,16,14,16
2012thru2016,050,05000US54095,"Tyler County, West Virginia",54,095,25,15,10,4,4,0,0,4,4,0,0,4,0,4,0,0,0,0,0,25,22,12,7,7,16,16,16,16,16,16,16,16,16,16,16,16,16,16
2012thru2016,050,05000US54097,"Upshur County, West Virginia",54,097,160,0,160,45,25,20,0,90,30,60,0,25,0,25,0,0,0,0,0,83,21,83,49,39,35,21,73,35,65,21,42,21,42,21,21,21,21,21
2012thru2016,050,05000US54099,"Wayne County, West Virginia",54,099,490,80,410,75,4,60,10,310,195,40,70,30,4,25,0,0,0,0,0,163,86,135,60,9,59,16,133,102,31,83,29,6,28,24,24,24,24,24
2012thru2016,050,05000US54101,"Webster County, West Virginia",54,101,0,0,0,0,0,0,0,0,0,0,0,0,0,0,0,0,0,0,0,0,16,0,16,16,16,16,0,16,0,16,16,16,16,16,16,16,16,16
2012thru2016,050,05000US54103,"Wetzel County, West Virginia",54,103,100,45,60,25,0,15,4,4,4,4,0,25,0,25,0,4,4,0,0,67,39,50,28,18,28,15,11,3,5,18,38,18,38,18,3,3,18,18
2012thru2016,050,05000US54105,"Wirt County, West Virginia",54,105,0,0,0,0,0,0,0,0,0,0,0,0,0,0,0,0,0,0,0,0,16,0,0,0,16,16,0,16,16,0,16,16,16,16,16,16,16,16
2012thru2016,050,05000US54107,"Wood County, West Virginia",54,107,605,0,605,70,0,60,10,300,60,175,65,235,200,40,0,0,0,0,0,237,27,237,58,27,56,15,158,70,121,68,131,126,44,27,27,27,27,27
2012thru2016,050,05000US54109,"Wyoming County, West Virginia",54,109,135,30,100,55,0,45,4,50,0,25,25,0,0,0,0,0,0,0,0,95,39,74,61,21,58,13,44,21,29,35,21,21,21,21,21,21,21,21
2012thru2016,050,05000US55001,"Adams County, Wisconsin",55,001,245,25,220,35,0,10,25,110,15,40,50,60,10,20,35,15,10,4,0,79,24,85,26,16,20,21,55,20,38,33,55,13,25,38,18,13,10,16
2012thru2016,050,05000US55003,"Ashland County, Wisconsin",55,003,110,0,110,65,20,4,45,45,4,35,4,0,0,0,0,0,0,0,0,62,14,62,43,18,14,40,44,10,42,3,14,14,14,14,14,14,14,14
2012thru2016,050,05000US55005,"Barron County, Wisconsin",55,005,580,50,530,120,60,25,35,355,105,190,60,55,55,0,0,0,0,0,0,216,67,209,86,79,41,31,169,95,112,65,71,71,18,18,18,18,18,18
2012thru2016,050,05000US55007,"Bayfield County, Wisconsin",55,007,235,20,215,80,30,20,25,80,30,25,25,4,4,0,0,50,35,10,4,56,18,56,29,19,18,20,37,23,25,18,14,14,14,14,29,25,17,2
2012thru2016,050,05000US55009,"Brown County, Wisconsin",55,009,1530,110,1420,280,60,180,40,1030,305,600,125,75,40,35,0,35,35,0,0,372,102,339,173,55,150,46,286,148,192,96,80,65,48,20,44,44,20,20
2012thru2016,050,05000US55011,"Buffalo County, Wisconsin",55,011,90,10,80,45,4,30,15,35,30,4,0,0,0,0,0,0,0,0,0,31,13,31,26,14,22,14,25,24,10,14,14,14,14,14,14,14,14,14
2012thru2016,050,05000US55013,"Burnett County, Wisconsin",55,013,75,0,75,25,0,15,10,55,10,25,20,0,0,0,0,0,0,0,0,32,14,32,21,14,17,13,29,13,24,22,14,14,14,14,14,14,14,14
2012thru2016,050,05000US55015,"Calumet County, Wisconsin",55,015,440,75,370,160,105,10,45,210,90,120,0,0,0,0,0,0,0,0,0,164,76,147,109,89,13,60,125,81,88,18,18,18,18,18,18,18,18,18
2012thru2016,050,05000US55017,"Chippewa County, Wisconsin",55,017,305,55,250,70,10,10,50,95,50,0,45,40,10,25,0,50,40,4,0,144,81,144,77,19,13,73,87,62,20,55,48,21,44,20,67,66,10,20
2012thru2016,050,05000US55019,"Clark County, Wisconsin",55,019,190,35,155,75,25,30,15,80,35,15,30,0,0,0,0,0,0,0,0,54,27,47,33,25,27,16,41,24,22,23,18,18,18,18,18,18,18,18
2012thru2016,050,05000US55021,"Columbia County, Wisconsin",55,021,405,25,380,90,0,50,40,290,180,95,10,4,0,4,0,0,0,0,0,141,22,135,73,20,65,34,106,93,50,13,20,20,20,20,20,20,20,20
2012thru2016,050,05000US55023,"Crawford County, Wisconsin",55,023,75,4,70,25,10,0,20,40,30,4,4,4,0,4,0,0,0,0,0,47,5,47,28,13,14,31,38,35,8,10,2,14,2,14,14,14,14,14
2012thru2016,050,05000US55025,"Dane County, Wisconsin",55,025,2000,120,1880,160,80,15,65,1240,590,460,190,305,75,115,115,175,20,145,10,353,93,351,95,68,12,68,272,212,181,119,168,67,109,97,121,38,121,13
2012thru2016,050,05000US55027,"Dodge County, Wisconsin",55,027,1055,110,950,135,95,15,25,610,115,355,140,195,80,95,25,10,0,0,10,273,85,277,76,70,24,21,219,87,160,99,115,69,90,30,13,20,20,13
2012thru2016,050,05000US55029,"Door County, Wisconsin",55,029,1425,160,1260,160,20,65,75,295,45,175,70,85,0,65,15,725,245,315,165,172,82,172,62,26,46,39,90,37,80,31,44,16,39,17,123,70,76,63
2012thru2016,050,05000US55031,"Douglas County, Wisconsin",55,031,285,4,280,45,0,0,45,175,55,75,45,60,25,4,30,0,0,0,0,118,10,117,70,18,18,70,86,51,55,51,57,30,11,45,18,18,18,18
2012thru2016,050,05000US55033,"Dunn County, Wisconsin",55,033,325,70,260,85,4,75,4,50,10,10,30,125,4,50,70,0,0,0,0,131,83,106,94,9,93,10,30,12,14,26,113,4,52,84,18,18,18,18
2012thru2016,050,05000US55035,"Eau Claire County, Wisconsin",55,035,750,150,595,110,20,80,10,455,155,165,135,30,15,15,0,0,0,0,0,260,129,214,75,25,68,21,196,112,128,118,36,29,26,20,20,20,20,20
2012thru2016,050,05000US55037,"Florence County, Wisconsin",55,037,0,0,0,0,0,0,0,0,0,0,0,0,0,0,0,0,0,0,0,9,9,9,9,9,9,9,9,9,9,9,9,9,9,9,9,9,9,9
2012thru2016,050,05000US55039,"Fond du Lac County, Wisconsin",55,039,800,45,755,115,20,70,20,520,265,180,75,100,95,0,4,20,0,20,0,264,59,261,124,37,111,33,225,160,141,55,102,103,20,10,36,20,36,20
2012thru2016,050,05000US55041,"Forest County, Wisconsin",55,041,90,0,90,30,25,0,4,60,10,30,20,0,0,0,0,0,0,0,0,43,12,43,22,23,12,7,35,14,24,21,12,12,12,12,12,12,12,12
2012thru2016,050,05000US55043,"Grant County, Wisconsin",55,043,510,100,415,195,60,75,65,200,100,65,35,0,0,0,0,15,4,0,15,136,72,113,89,57,47,53,82,57,55,43,20,20,20,20,21,9,20,22
2012thru2016,050,05000US55045,"Green County, Wisconsin",55,045,155,10,145,65,25,30,10,80,40,20,20,0,0,0,0,0,0,0,0,73,13,72,52,29,40,15,51,47,20,18,18,18,18,18,18,18,18,18
2012thru2016,050,05000US55047,"Green Lake County, Wisconsin",55,047,170,10,165,65,10,40,15,75,65,10,0,25,25,0,0,0,0,0,0,80,13,81,55,13,51,19,56,57,15,14,36,36,14,14,14,14,14,14
2012thru2016,050,05000US55049,"Iowa County, Wisconsin",55,049,145,20,125,30,4,20,0,40,10,15,20,55,55,0,0,0,0,0,0,76,23,69,25,11,18,16,25,12,16,21,67,67,16,16,16,16,16,16
2012thru2016,050,05000US55051,"Iron County, Wisconsin",55,051,135,0,135,70,35,20,15,40,0,10,30,15,0,0,15,10,0,0,10,42,12,42,35,22,24,18,21,12,13,20,23,12,12,23,13,12,12,13
2012thru2016,050,05000US55053,"Jackson County, Wisconsin",55,053,95,0,95,50,4,10,35,40,0,40,0,4,0,0,4,0,0,0,0,53,16,53,55,10,15,49,48,16,48,16,16,16,16,16,16,16,16,16
2012thru2016,050,05000US55055,"Jefferson County, Wisconsin",55,055,545,4,540,20,0,4,15,340,60,145,135,175,15,90,70,0,0,0,0,198,16,199,21,20,11,18,157,75,108,82,126,22,99,86,20,20,20,20
2012thru2016,050,05000US55057,"Juneau County, Wisconsin",55,057,260,10,250,50,0,4,40,110,35,40,35,90,40,40,10,0,0,0,0,96,13,95,49,16,12,48,51,31,28,30,75,50,55,13,16,16,16,16
2012thru2016,050,05000US55059,"Kenosha County, Wisconsin",55,059,1270,140,1130,160,25,30,105,615,200,370,40,360,110,200,50,0,0,0,0,305,92,304,125,39,42,109,219,121,188,48,160,79,126,56,20,20,20,20
2012thru2016,050,05000US55061,"Kewaunee County, Wisconsin",55,061,265,60,205,4,4,0,0,200,40,140,20,0,0,0,0,0,0,0,0,131,75,117,10,10,16,16,116,60,102,24,16,16,16,16,16,16,16,16
2012thru2016,050,05000US55063,"La Crosse County, Wisconsin",55,063,635,60,575,70,70,0,0,280,15,135,130,190,60,120,10,40,15,20,0,224,49,230,64,64,20,20,161,22,118,107,130,63,115,18,44,30,32,20
2012thru2016,050,05000US55065,"Lafayette County, Wisconsin",55,065,50,4,45,20,15,0,4,15,0,4,10,10,10,0,0,0,0,0,0,31,14,32,18,18,14,4,13,14,10,12,21,21,14,14,14,14,14,14
2012thru2016,050,05000US55067,"Langlade County, Wisconsin",55,067,45,0,45,4,0,4,0,40,4,25,4,0,0,0,0,0,0,0,0,26,14,26,12,14,12,14,24,10,21,11,14,14,14,14,14,14,14,14
2012thru2016,050,05000US55069,"Lincoln County, Wisconsin",55,069,145,20,125,55,45,4,4,70,45,20,4,0,0,0,0,4,0,4,0,88,35,74,46,43,4,10,60,49,33,4,16,16,16,16,3,16,3,16
2012thru2016,050,05000US55071,"Manitowoc County, Wisconsin",55,071,715,160,550,75,0,50,25,370,115,240,15,60,20,15,25,45,0,45,0,200,97,188,60,20,43,42,154,80,141,24,42,31,27,34,71,20,71,20
2012thru2016,050,05000US55073,"Marathon County, Wisconsin",55,073,575,45,530,95,10,40,45,395,90,255,50,40,40,0,0,0,0,0,0,223,48,222,57,13,36,43,184,93,129,45,62,62,20,20,20,20,20,20
2012thru2016,050,05000US55075,"Marinette County, Wisconsin",55,075,50,4,50,15,4,10,0,30,15,4,10,0,0,0,0,0,0,0,0,25,3,25,15,10,12,18,24,18,10,13,18,18,18,18,18,18,18,18
2012thru2016,050,05000US55077,"Marquette County, Wisconsin",55,077,110,4,105,50,30,15,10,35,10,20,4,4,0,4,0,15,0,4,4,39,5,41,34,23,20,14,23,13,19,12,3,14,3,14,15,14,12,10
2012thru2016,050,05000US55078,"Menominee County, Wisconsin",55,078,0,0,0,0,0,0,0,0,0,0,0,0,0,0,0,0,0,0,0,9,9,9,9,9,9,9,9,9,9,9,9,9,9,9,9,9,9,9
2012thru2016,050,05000US55079,"Milwaukee County, Wisconsin",55,079,8815,1885,6925,695,195,170,330,4390,1825,2015,545,1325,660,465,205,515,235,225,55,766,267,676,178,99,79,133,545,294,370,180,294,210,184,101,174,113,136,55
2012thru2016,050,05000US55081,"Monroe County, Wisconsin",55,081,275,0,275,45,15,10,25,195,45,95,55,30,4,20,10,4,0,4,0,86,18,86,27,17,12,23,82,42,74,43,20,10,17,13,18,18,18,18
2012thru2016,050,05000US55083,"Oconto County, Wisconsin",55,083,165,35,130,65,30,20,15,65,10,20,35,0,0,0,0,0,0,0,0,78,44,68,35,23,19,15,61,15,33,55,18,18,18,18,18,18,18,18
2012thru2016,050,05000US55085,"Oneida County, Wisconsin",55,085,700,0,700,190,15,100,75,470,140,325,10,40,25,0,15,0,0,0,0,198,18,198,99,26,80,60,158,89,124,14,44,40,18,27,18,18,18,18
2012thru2016,050,05000US55087,"Outagamie County, Wisconsin",55,087,1055,160,895,160,25,125,10,705,170,430,110,25,0,0,25,0,0,0,0,327,125,284,100,27,93,13,251,133,170,96,27,20,20,27,20,20,20,20
2012thru2016,050,05000US55089,"Ozaukee County, Wisconsin",55,089,380,20,360,0,0,0,0,210,0,145,65,40,0,40,0,110,65,0,45,162,36,158,20,20,20,20,131,20,109,74,46,20,46,20,74,72,20,58
2012thru2016,050,05000US55091,"Pepin County, Wisconsin",55,091,75,0,75,35,30,4,0,30,4,4,20,4,0,0,4,0,0,0,0,44,12,44,31,30,10,12,29,10,7,23,10,12,12,10,12,12,12,12
2012thru2016,050,05000US55093,"Pierce County, Wisconsin",55,093,175,50,130,50,10,30,4,55,4,45,4,0,0,0,0,25,0,0,25,101,66,79,53,15,52,10,54,10,53,9,18,18,18,18,31,18,18,31
2012thru2016,050,05000US55095,"Polk County, Wisconsin",55,095,225,0,225,55,10,25,25,130,30,75,20,40,25,15,0,0,0,0,0,79,18,79,40,13,27,28,59,27,44,24,36,27,23,18,18,18,18,18
2012thru2016,050,05000US55097,"Portage County, Wisconsin",55,097,750,4,740,65,4,45,20,605,220,300,85,55,55,0,0,20,20,0,0,227,16,225,45,4,42,18,219,117,159,68,86,86,20,20,25,25,20,20
2012thru2016,050,05000US55099,"Price County, Wisconsin",55,099,175,0,175,75,30,25,20,70,30,15,20,15,15,0,0,15,15,0,0,57,14,57,46,31,29,21,41,29,17,27,19,19,14,14,19,19,14,14
2012thru2016,050,05000US55101,"Racine County, Wisconsin",55,101,1595,140,1460,305,155,150,0,805,255,410,140,305,200,70,35,40,25,20,0,301,100,291,180,120,108,20,224,138,150,103,115,98,58,37,46,39,33,20
2012thru2016,050,05000US55103,"Richland County, Wisconsin",55,103,175,4,170,110,45,35,30,60,4,25,30,0,0,0,0,0,0,0,0,81,9,81,73,52,46,36,30,10,18,24,14,14,14,14,14,14,14,14
2012thru2016,050,05000US55105,"Rock County, Wisconsin",55,105,600,0,600,45,0,40,4,505,100,350,55,40,15,15,10,10,0,10,0,207,20,207,49,20,48,11,200,75,175,51,36,23,23,21,14,20,14,20
2012thru2016,050,05000US55107,"Rusk County, Wisconsin",55,107,120,10,110,55,40,15,0,45,4,40,10,0,0,0,0,4,4,4,0,78,13,76,55,54,15,14,50,4,51,12,14,14,14,14,10,4,8,14
2012thru2016,050,05000US55109,"St. Croix County, Wisconsin",55,109,300,40,260,95,65,25,0,155,30,60,65,0,0,0,0,15,0,15,0,130,61,117,67,64,23,20,96,36,72,76,20,20,20,20,22,20,22,20
2012thru2016,050,05000US55111,"Sauk County, Wisconsin",55,111,380,4,375,50,4,35,10,175,90,55,30,100,10,55,35,50,0,50,0,143,1,142,31,10,26,17,89,98,58,26,72,14,64,32,77,20,77,20
2012thru2016,050,05000US55113,"Sawyer County, Wisconsin",55,113,105,4,100,35,4,10,20,30,10,20,0,30,4,15,10,10,0,4,4,45,14,44,19,14,12,17,24,12,22,14,28,3,25,15,13,14,11,8
2012thru2016,050,05000US55115,"Shawano County, Wisconsin",55,115,130,0,130,15,0,10,4,105,10,70,25,4,0,0,4,0,0,0,0,87,18,87,15,18,14,10,85,15,78,30,11,18,18,11,18,18,18,18
2012thru2016,050,05000US55117,"Sheboygan County, Wisconsin",55,117,500,40,455,90,30,60,0,280,40,135,105,60,40,25,0,25,0,25,0,188,63,175,76,45,59,20,140,51,87,84,72,62,39,20,40,20,40,20
2012thru2016,050,05000US55119,"Taylor County, Wisconsin",55,119,85,0,85,50,0,40,10,35,15,20,0,0,0,0,0,0,0,0,0,40,16,40,24,16,22,12,29,24,18,16,16,16,16,16,16,16,16,16
2012thru2016,050,05000US55121,"Trempealeau County, Wisconsin",55,121,140,10,130,10,0,10,0,100,40,50,4,20,10,4,0,4,0,0,4,55,14,53,13,16,13,16,48,34,33,9,25,21,18,16,16,16,16,16
2012thru2016,050,05000US55123,"Vernon County, Wisconsin",55,123,120,10,110,25,4,15,4,80,15,50,15,4,0,4,0,0,0,0,0,78,14,79,18,10,14,18,73,15,70,15,10,18,10,18,18,18,18,18
2012thru2016,050,05000US55125,"Vilas County, Wisconsin",55,125,710,35,675,90,4,30,55,325,0,165,160,50,15,35,0,210,15,140,55,115,23,115,26,3,15,20,88,16,66,58,40,21,39,16,74,24,64,37
2012thru2016,050,05000US55127,"Walworth County, Wisconsin",55,127,590,10,580,60,25,10,25,260,140,105,15,230,60,70,95,35,25,10,0,172,14,167,57,40,13,39,126,114,77,20,121,51,64,86,43,40,15,20
2012thru2016,050,05000US55129,"Washburn County, Wisconsin",55,129,185,0,185,45,15,30,4,105,15,60,35,15,15,4,0,15,4,4,4,73,14,73,28,16,23,14,63,21,58,24,19,19,3,14,14,7,5,12
2012thru2016,050,05000US55131,"Washington County, Wisconsin",55,131,475,10,465,0,0,0,0,265,60,170,35,140,120,10,15,60,60,0,0,181,16,180,20,20,20,20,115,48,108,42,109,108,15,23,68,68,20,20
2012thru2016,050,05000US55133,"Waukesha County, Wisconsin",55,133,1305,235,1070,0,0,0,0,390,150,220,25,545,315,215,10,135,60,55,20,301,131,270,20,20,20,20,156,102,126,29,203,152,118,21,110,64,85,33
2012thru2016,050,05000US55135,"Waupaca County, Wisconsin",55,135,370,20,355,120,90,0,30,205,110,55,40,30,0,30,0,0,0,0,0,189,32,183,96,93,20,28,140,108,65,56,39,20,39,20,20,20,20,20
2012thru2016,050,05000US55137,"Waushara County, Wisconsin",55,137,160,35,125,35,10,15,15,85,45,15,25,0,0,0,0,0,0,0,0,56,29,51,31,13,16,23,43,32,21,22,16,16,16,16,16,16,16,16
2012thru2016,050,05000US55139,"Winnebago County, Wisconsin",55,139,1575,160,1415,165,30,80,55,1100,425,340,340,85,0,75,15,60,35,15,15,317,113,291,82,36,61,50,261,174,153,151,81,20,80,22,47,37,29,22
2012thru2016,050,05000US55141,"Wood County, Wisconsin",55,141,525,85,445,160,15,130,15,235,75,135,25,0,0,0,0,50,15,20,15,205,80,190,107,15,104,19,149,82,126,37,20,20,20,20,34,26,30,22
2012thru2016,050,05000US56001,"Albany County, Wyoming",56,001,815,30,780,140,0,85,55,340,110,140,90,195,45,25,125,105,15,85,0,232,50,233,97,24,71,70,123,101,89,73,123,71,40,97,84,15,83,24
2012thru2016,050,05000US56003,"Big Horn County, Wyoming",56,003,90,0,90,55,0,40,15,35,15,20,0,0,0,0,0,0,0,0,0,55,18,55,38,18,29,26,30,26,17,18,18,18,18,18,18,18,18,18
2012thru2016,050,05000US56005,"Campbell County, Wyoming",56,005,445,0,445,75,0,25,50,290,0,90,200,80,0,80,0,0,0,0,0,171,24,171,69,24,30,63,136,24,88,129,91,24,91,24,24,24,24,24
2012thru2016,050,05000US56007,"Carbon County, Wyoming",56,007,250,4,245,30,4,0,30,90,0,50,40,75,35,15,30,50,20,25,0,93,10,93,29,6,18,29,47,18,36,31,54,41,17,31,56,35,43,18
2012thru2016,050,05000US56009,"Converse County, Wyoming",56,009,175,0,175,10,0,0,10,120,85,35,0,45,0,0,45,0,0,0,0,104,18,104,14,18,18,14,78,63,45,18,62,18,18,62,18,18,18,18
2012thru2016,050,05000US56011,"Crook County, Wyoming",56,011,55,0,55,10,0,10,0,30,4,25,0,15,0,0,15,0,0,0,0,33,16,33,19,16,19,16,23,16,20,16,18,16,16,18,16,16,16,16
2012thru2016,050,05000US56013,"Fremont County, Wyoming",56,013,225,10,215,35,25,0,10,115,15,55,45,60,40,20,0,0,0,0,0,80,16,78,31,28,24,12,48,17,35,30,55,46,33,24,24,24,24,24
2012thru2016,050,05000US56015,"Goshen County, Wyoming",56,015,0,0,0,0,0,0,0,0,0,0,0,0,0,0,0,0,0,0,0,0,18,0,0,18,18,0,18,18,18,18,18,18,18,18,18,18,18,18
2012thru2016,050,05000US56017,"Hot Springs County, Wyoming",56,017,45,0,45,4,0,0,4,40,30,10,0,0,0,0,0,0,0,0,0,39,11,39,5,11,11,5,40,33,19,11,11,11,11,11,11,11,11,11
2012thru2016,050,05000US56019,"Johnson County, Wyoming",56,019,0,0,0,0,0,0,0,0,0,0,0,0,0,0,0,0,0,0,0,0,16,0,16,16,16,16,0,0,16,16,16,16,16,16,16,16,16,16
2012thru2016,050,05000US56021,"Laramie County, Wyoming",56,021,715,60,660,100,0,35,65,360,75,150,130,145,30,115,0,55,30,25,0,267,67,263,90,27,54,74,186,72,128,122,117,46,106,27,45,35,29,27
2012thru2016,050,05000US56023,"Lincoln County, Wyoming",56,023,215,0,215,100,4,65,35,100,30,35,35,0,0,0,0,15,15,0,0,80,18,80,66,2,49,38,46,28,35,24,18,18,18,18,11,11,18,18
2012thru2016,050,05000US56025,"Natrona County, Wyoming",56,025,935,70,865,60,0,35,25,550,75,415,65,250,25,170,55,0,0,0,0,278,87,281,73,27,58,42,252,87,211,67,139,42,122,53,27,27,27,27
2012thru2016,050,05000US56027,"Niobrara County, Wyoming",56,027,30,0,30,20,20,0,0,10,0,10,0,0,0,0,0,0,0,0,0,22,11,22,17,17,11,11,13,11,13,11,11,11,11,11,11,11,11,11
2012thru2016,050,05000US56029,"Park County, Wyoming",56,029,525,45,480,215,0,45,170,170,50,50,70,95,30,40,25,0,0,0,0,229,75,223,154,21,72,137,138,81,77,81,91,49,65,44,21,21,21,21
2012thru2016,050,05000US56031,"Platte County, Wyoming",56,031,65,4,60,4,0,4,0,55,0,0,55,0,0,0,0,0,0,0,0,88,8,88,11,16,11,16,88,16,16,88,16,16,16,16,16,16,16,16
2012thru2016,050,05000US56033,"Sheridan County, Wyoming",56,033,155,0,155,25,0,0,25,130,0,45,85,0,0,0,0,0,0,0,0,109,21,109,31,21,21,31,112,21,65,91,21,21,21,21,21,21,21,21
2012thru2016,050,05000US56035,"Sublette County, Wyoming",56,035,260,0,260,105,15,15,75,110,55,45,10,25,15,4,4,20,0,20,0,101,18,101,74,24,20,68,63,54,44,20,26,23,10,7,26,18,26,18
2012thru2016,050,05000US56037,"Sweetwater County, Wyoming",56,037,645,120,525,85,0,55,30,385,70,195,120,55,15,15,25,0,0,0,0,195,99,183,68,24,52,40,162,70,97,99,50,22,26,42,24,24,24,24
2012thru2016,050,05000US56039,"Teton County, Wyoming",56,039,725,0,725,385,10,105,265,55,15,40,0,140,30,50,55,145,65,15,65,216,21,216,184,16,99,150,55,30,50,21,103,47,60,66,95,57,15,81
2012thru2016,050,05000US56041,"Uinta County, Wyoming",56,041,270,10,260,85,40,40,10,175,90,40,45,0,0,0,0,0,0,0,0,138,17,138,72,61,45,14,116,104,52,65,21,21,21,21,21,21,21,21
2012thru2016,050,05000US56043,"Washakie County, Wyoming",56,043,90,0,90,70,35,30,0,25,0,0,25,0,0,0,0,0,0,0,0,79,16,79,68,56,50,16,35,16,16,35,16,16,16,16,16,16,16,16
2012thru2016,050,05000US56045,"Weston County, Wyoming",56,045,40,10,30,10,10,0,0,20,10,0,10,0,0,0,0,0,0,0,0,31,13,29,18,18,16,16,25,15,16,22,16,16,16,16,16,16,16,16
2012thru2016,050,05000US72001,"Adjuntas Municipio, Puerto Rico",72,001,70,70,0,0,0,0,0,0,0,0,0,0,0,0,0,0,0,0,0,46,46,21,21,21,21,21,21,21,21,21,21,21,21,21,21,21,21,21
2012thru2016,050,05000US72003,"Aguada Municipio, Puerto Rico",72,003,410,265,140,0,0,0,0,25,0,0,25,15,0,15,0,100,20,70,10,134,112,63,28,28,28,28,30,28,28,30,23,28,23,28,49,36,39,22
2012thru2016,050,05000US72005,"Aguadilla Municipio, Puerto Rico",72,005,1000,700,300,60,0,20,35,25,0,15,15,50,0,40,10,170,60,75,30,211,189,98,48,31,25,42,31,31,24,23,48,31,45,17,87,60,57,26
2012thru2016,050,05000US72007,"Aguas Buenas Municipio, Puerto Rico",72,007,325,325,0,0,0,0,0,0,0,0,0,0,0,0,0,0,0,0,0,102,102,25,25,25,25,25,25,25,25,25,25,25,25,25,25,25,25,25
2012thru2016,050,05000US72009,"Aibonito Municipio, Puerto Rico",72,009,55,25,30,0,0,0,0,0,0,0,0,0,0,0,0,30,30,0,0,38,30,33,25,25,25,25,25,25,25,25,25,25,25,25,33,33,25,25
2012thru2016,050,05000US72011,"Añasco Municipio, Puerto Rico",72,011,305,255,55,0,0,0,0,0,0,0,0,20,0,20,0,30,30,0,0,123,114,36,25,25,25,25,25,25,25,25,27,25,27,25,26,26,25,25
2012thru2016,050,05000US72013,"Arecibo Municipio, Puerto Rico",72,013,840,740,105,0,0,0,0,10,10,0,0,30,0,0,30,65,15,30,20,188,181,81,31,31,31,31,19,19,31,31,45,31,31,45,63,22,45,39
2012thru2016,050,05000US72015,"Arroyo Municipio, Puerto Rico",72,015,185,165,20,0,0,0,0,0,0,0,0,20,20,0,0,0,0,0,0,99,91,34,21,21,21,21,21,21,21,21,34,34,21,21,21,21,21,21
2012thru2016,050,05000US72017,"Barceloneta Municipio, Puerto Rico",72,017,100,100,0,0,0,0,0,0,0,0,0,0,0,0,0,0,0,0,0,80,80,25,25,25,25,25,25,25,25,25,25,25,25,25,25,25,25,25
2012thru2016,050,05000US72019,"Barranquitas Municipio, Puerto Rico",72,019,125,125,0,0,0,0,0,0,0,0,0,0,0,0,0,0,0,0,0,75,75,25,25,25,25,25,25,25,25,25,25,25,25,25,25,25,25,25
2012thru2016,050,05000US72021,"Bayamón Municipio, Puerto Rico",72,021,2345,1315,1025,190,75,35,80,95,20,10,65,315,110,125,75,430,80,90,260,297,239,181,94,67,32,64,61,21,16,58,102,56,82,58,137,47,57,117
2012thru2016,050,05000US72023,"Cabo Rojo Municipio, Puerto Rico",72,023,195,165,30,0,0,0,0,0,0,0,0,30,20,0,10,0,0,0,0,106,95,40,31,31,31,31,31,31,31,31,40,38,31,13,31,31,31,31
2012thru2016,050,05000US72025,"Caguas Municipio, Puerto Rico",72,025,1335,940,395,20,20,0,0,25,15,0,10,160,50,60,50,195,85,30,80,198,187,124,26,26,31,31,20,22,31,18,81,38,58,53,88,54,48,65
2012thru2016,050,05000US72027,"Camuy Municipio, Puerto Rico",72,027,130,110,20,0,0,0,0,0,0,0,0,20,20,0,0,0,0,0,0,76,69,35,28,28,28,28,28,28,28,28,35,35,28,28,28,28,28,28
2012thru2016,050,05000US72029,"Canóvanas Municipio, Puerto Rico",72,029,200,165,30,0,0,0,0,10,10,0,0,20,0,20,0,0,0,0,0,82,75,35,28,28,28,28,20,20,28,28,32,28,32,28,28,28,28,28
2012thru2016,050,05000US72031,"Carolina Municipio, Puerto Rico",72,031,1810,790,1020,85,0,15,70,15,0,0,15,280,135,65,80,635,355,115,165,298,201,209,78,31,32,73,29,31,31,29,109,76,58,60,180,115,86,85
2012thru2016,050,05000US72033,"Cataño Municipio, Puerto Rico",72,033,215,170,45,0,0,0,0,0,0,0,0,35,15,0,15,10,0,0,10,103,83,44,25,25,25,25,25,25,25,25,39,30,25,31,21,25,25,21
2012thru2016,050,05000US72035,"Cayey Municipio, Puerto Rico",72,035,320,280,40,0,0,0,0,25,10,0,10,15,0,0,15,0,0,0,0,129,124,38,28,28,28,28,28,20,28,20,27,28,28,27,28,28,28,28
2012thru2016,050,05000US72037,"Ceiba Municipio, Puerto Rico",72,037,165,105,65,0,0,0,0,15,0,15,0,15,0,15,0,35,0,0,35,88,56,55,21,21,21,21,28,21,28,21,22,21,22,21,37,21,21,37
2012thru2016,050,05000US72039,"Ciales Municipio, Puerto Rico",72,039,0,0,0,0,0,0,0,0,0,0,0,0,0,0,0,0,0,0,0,0,0,21,21,21,21,21,21,21,21,21,21,21,21,21,21,21,21,21
2012thru2016,050,05000US72041,"Cidra Municipio, Puerto Rico",72,041,230,230,0,0,0,0,0,0,0,0,0,0,0,0,0,0,0,0,0,102,102,28,28,28,28,28,28,28,28,28,28,28,28,28,28,28,28,28
2012thru2016,050,05000US72043,"Coamo Municipio, Puerto Rico",72,043,305,230,75,0,0,0,0,0,0,0,0,50,0,30,20,30,0,10,15,100,88,65,28,28,28,28,28,28,28,28,57,28,44,36,33,28,18,26
2012thru2016,050,05000US72045,"Comerío Municipio, Puerto Rico",72,045,200,200,0,0,0,0,0,0,0,0,0,0,0,0,0,0,0,0,0,81,81,25,25,25,25,25,25,25,25,25,25,25,25,25,25,25,25,25
2012thru2016,050,05000US72047,"Corozal Municipio, Puerto Rico",72,047,290,175,115,30,0,0,30,25,0,15,15,60,30,0,30,0,0,0,0,117,89,75,36,28,28,36,30,28,23,23,60,47,28,35,28,28,28,28
2012thru2016,050,05000US72049,"Culebra Municipio, Puerto Rico",72,049,175,70,105,10,4,4,0,0,0,0,0,15,4,0,10,85,50,35,0,47,26,38,12,2,4,13,13,13,13,13,14,5,13,13,33,27,21,13
2012thru2016,050,05000US72051,"Dorado Municipio, Puerto Rico",72,051,395,180,210,0,0,0,0,30,0,0,30,55,0,35,20,125,15,15,100,132,76,103,28,28,28,28,50,28,28,50,48,28,39,32,79,23,27,73
2012thru2016,050,05000US72053,"Fajardo Municipio, Puerto Rico",72,053,220,85,135,0,0,0,0,0,0,0,0,75,65,0,10,60,35,0,25,109,58,80,28,28,28,28,28,28,28,28,56,52,28,21,58,41,28,43
2012thru2016,050,05000US72054,"Florida Municipio, Puerto Rico",72,054,65,65,0,0,0,0,0,0,0,0,0,0,0,0,0,0,0,0,0,70,70,21,21,21,21,21,21,21,21,21,21,21,21,21,21,21,21,21
2012thru2016,050,05000US72055,"Guánica Municipio, Puerto Rico",72,055,360,155,210,40,25,15,0,15,0,0,15,50,0,25,25,105,65,35,0,96,71,82,32,21,26,21,27,21,21,27,41,21,30,27,58,43,35,21
2012thru2016,050,05000US72057,"Guayama Municipio, Puerto Rico",72,057,245,170,70,0,0,0,0,0,0,0,0,0,0,0,0,70,70,0,0,120,95,65,28,28,28,28,28,28,28,28,28,28,28,28,65,65,28,28
2012thru2016,050,05000US72059,"Guayanilla Municipio, Puerto Rico",72,059,175,140,35,25,0,15,10,0,0,0,0,0,0,0,0,10,0,10,0,77,75,32,32,25,25,21,25,25,25,25,25,25,25,25,15,25,15,25
2012thru2016,050,05000US72061,"Guaynabo Municipio, Puerto Rico",72,061,390,190,200,30,15,15,0,0,0,0,0,65,15,40,15,105,35,40,25,125,79,91,32,26,22,31,31,31,31,31,47,24,38,22,77,51,38,34
2012thru2016,050,05000US72063,"Gurabo Municipio, Puerto Rico",72,063,190,170,20,0,0,0,0,0,0,0,0,20,20,0,0,0,0,0,0,90,85,32,28,28,28,28,28,28,28,28,32,32,28,28,28,28,28,28
2012thru2016,050,05000US72065,"Hatillo Municipio, Puerto Rico",72,065,225,225,0,0,0,0,0,0,0,0,0,0,0,0,0,0,0,0,0,100,100,28,28,28,28,28,28,28,28,28,28,28,28,28,28,28,28,28
2012thru2016,050,05000US72067,"Hormigueros Municipio, Puerto Rico",72,067,160,10,150,10,10,0,0,65,0,35,30,60,20,20,20,15,0,0,15,78,14,76,19,19,21,21,61,21,39,48,47,32,22,35,31,21,21,31
2012thru2016,050,05000US72069,"Humacao Municipio, Puerto Rico",72,069,605,270,340,30,15,15,0,30,15,15,0,140,35,80,25,135,35,30,70,179,136,103,33,29,23,31,37,24,31,31,75,43,59,31,69,41,32,50
2012thru2016,050,05000US72071,"Isabela Municipio, Puerto Rico",72,071,410,215,195,15,0,0,15,0,0,0,0,85,0,70,10,95,30,35,30,144,102,96,27,28,28,27,28,28,28,28,71,28,69,20,60,37,40,35
2012thru2016,050,05000US72073,"Jayuya Municipio, Puerto Rico",72,073,160,115,45,0,0,0,0,0,0,0,0,40,30,0,10,4,4,0,0,84,70,51,21,21,21,21,21,21,21,21,50,48,21,18,12,12,21,21
2012thru2016,050,05000US72075,"Juana Díaz Municipio, Puerto Rico",72,075,95,70,20,10,10,0,0,0,0,0,0,10,0,0,10,0,0,0,0,52,45,27,20,20,28,28,28,28,28,28,16,28,28,16,28,28,28,28
2012thru2016,050,05000US72077,"Juncos Municipio, Puerto Rico",72,077,200,200,0,0,0,0,0,0,0,0,0,0,0,0,0,0,0,0,0,117,117,28,28,28,28,28,28,28,28,28,28,28,28,28,28,28,28,28
2012thru2016,050,05000US72079,"Lajas Municipio, Puerto Rico",72,079,125,80,50,0,0,0,0,0,0,0,0,0,0,0,0,50,30,0,20,77,52,56,25,25,25,25,25,25,25,25,25,25,25,25,56,46,25,34
2012thru2016,050,05000US72081,"Lares Municipio, Puerto Rico",72,081,110,90,20,0,0,0,0,0,0,0,0,20,0,15,10,0,0,0,0,65,62,26,25,25,25,25,25,25,25,25,26,25,22,15,25,25,25,25
2012thru2016,050,05000US72083,"Las Marías Municipio, Puerto Rico",72,083,0,0,0,0,0,0,0,0,0,0,0,0,0,0,0,0,0,0,0,0,0,19,19,19,19,19,19,19,19,19,19,19,19,19,19,19,19,19
2012thru2016,050,05000US72085,"Las Piedras Municipio, Puerto Rico",72,085,185,185,0,0,0,0,0,0,0,0,0,0,0,0,0,0,0,0,0,72,72,28,28,28,28,28,28,28,28,28,28,28,28,28,28,28,28,28
2012thru2016,050,05000US72087,"Loíza Municipio, Puerto Rico",72,087,25,25,0,0,0,0,0,0,0,0,0,0,0,0,0,0,0,0,0,23,23,25,25,25,25,25,25,25,25,25,25,25,25,25,25,25,25,25
2012thru2016,050,05000US72089,"Luquillo Municipio, Puerto Rico",72,089,170,120,50,0,0,0,0,0,0,0,0,0,0,0,0,50,0,45,10,87,71,44,21,21,21,21,21,21,21,21,21,21,21,21,44,21,41,13
2012thru2016,050,05000US72091,"Manatí Municipio, Puerto Rico",72,091,845,815,30,15,0,0,15,10,0,10,0,0,0,0,0,0,0,0,0,188,180,34,30,28,28,30,18,28,18,28,28,28,28,28,28,28,28,28
2012thru2016,050,05000US72093,"Maricao Municipio, Puerto Rico",72,093,0,0,0,0,0,0,0,0,0,0,0,0,0,0,0,0,0,0,0,0,0,19,19,19,19,19,19,19,19,19,19,19,19,19,19,19,19,19
2012thru2016,050,05000US72095,"Maunabo Municipio, Puerto Rico",72,095,45,20,25,0,0,0,0,25,0,0,25,0,0,0,0,0,0,0,0,50,26,45,21,21,21,21,45,21,21,45,21,21,21,21,21,21,21,21
2012thru2016,050,05000US72097,"Mayagüez Municipio, Puerto Rico",72,097,2440,270,2170,160,30,45,85,330,65,110,150,940,265,340,340,745,295,225,225,272,118,248,71,34,43,47,112,72,61,66,195,90,129,124,158,106,98,96
2012thru2016,050,05000US72099,"Moca Municipio, Puerto Rico",72,099,330,280,50,0,0,0,0,0,0,0,0,50,15,10,25,0,0,0,0,141,140,41,28,28,28,28,28,28,28,28,41,23,21,30,28,28,28,28
2012thru2016,050,05000US72101,"Morovis Municipio, Puerto Rico",72,101,115,90,25,0,0,0,0,0,0,0,0,15,0,0,15,10,0,0,10,64,58,29,28,28,28,28,28,28,28,28,24,28,28,24,21,28,28,21
2012thru2016,050,05000US72103,"Naguabo Municipio, Puerto Rico",72,103,290,240,50,20,20,0,0,0,0,0,0,30,0,30,0,0,0,0,0,146,126,59,37,37,25,25,25,25,25,25,47,25,47,25,25,25,25,25
2012thru2016,050,05000US72105,"Naranjito Municipio, Puerto Rico",72,105,240,220,20,10,10,0,0,0,0,0,0,4,0,0,4,0,0,0,0,116,109,24,20,20,25,25,25,25,25,25,10,25,25,10,25,25,25,25
2012thru2016,050,05000US72107,"Orocovis Municipio, Puerto Rico",72,107,105,90,15,0,0,0,0,15,0,0,15,0,0,0,0,0,0,0,0,58,52,27,25,25,25,25,27,25,25,27,25,25,25,25,25,25,25,25
2012thru2016,050,05000US72109,"Patillas Municipio, Puerto Rico",72,109,80,60,20,0,0,0,0,0,0,0,0,20,0,0,20,0,0,0,0,62,54,33,21,21,21,21,21,21,21,21,33,21,21,33,21,21,21,21
2012thru2016,050,05000US72111,"Peñuelas Municipio, Puerto Rico",72,111,70,30,40,0,0,0,0,0,0,0,0,20,0,0,20,25,0,0,25,50,32,41,25,25,25,25,25,25,25,25,23,25,25,23,39,25,25,39
2012thru2016,050,05000US72113,"Ponce Municipio, Puerto Rico",72,113,1325,605,720,135,15,50,65,25,0,10,15,165,35,75,55,390,140,45,205,232,156,189,61,30,49,49,27,31,13,29,84,35,57,46,136,69,40,101
2012thru2016,050,05000US72115,"Quebradillas Municipio, Puerto Rico",72,115,0,0,0,0,0,0,0,0,0,0,0,0,0,0,0,0,0,0,0,0,25,0,25,25,25,25,25,25,25,25,25,25,25,25,0,25,0,25
2012thru2016,050,05000US72117,"Rincón Municipio, Puerto Rico",72,117,715,195,520,50,15,35,0,0,0,0,0,120,0,30,90,350,65,235,50,163,98,147,47,24,41,21,21,21,21,21,80,21,37,68,121,43,101,41
2012thru2016,050,05000US72119,"Río Grande Municipio, Puerto Rico",72,119,230,160,70,0,0,0,0,15,0,0,15,50,10,0,40,0,0,0,0,100,79,58,31,31,31,31,30,31,31,30,51,22,31,45,31,31,31,31
2012thru2016,050,05000US72121,"Sabana Grande Municipio, Puerto Rico",72,121,275,235,40,0,0,0,0,0,0,0,0,40,0,40,0,0,0,0,0,106,99,48,25,25,25,25,25,25,25,25,48,25,48,25,25,25,25,25
2012thru2016,050,05000US72123,"Salinas Municipio, Puerto Rico",72,123,110,75,35,0,0,0,0,0,0,0,0,10,0,0,10,20,20,0,0,102,78,41,25,25,25,25,25,25,25,25,21,25,25,21,38,38,25,25
2012thru2016,050,05000US72125,"San Germán Municipio, Puerto Rico",72,125,250,165,80,20,20,0,0,0,0,0,0,35,15,20,0,30,0,0,30,122,89,77,32,32,28,28,28,28,28,28,37,24,31,28,47,28,28,47
2012thru2016,050,05000US72127,"San Juan Municipio, Puerto Rico",72,127,8645,4210,4435,290,85,55,150,350,75,150,125,1620,745,440,430,2175,880,690,605,548,389,391,155,63,48,94,121,54,86,73,263,192,146,137,300,161,175,160
2012thru2016,050,05000US72129,"San Lorenzo Municipio, Puerto Rico",72,129,225,200,25,0,0,0,0,10,0,10,0,10,0,0,10,0,0,0,0,87,84,28,28,28,28,28,21,28,21,28,20,28,28,20,28,28,28,28
2012thru2016,050,05000US72131,"San Sebastián Municipio, Puerto Rico",72,131,235,140,95,0,0,0,0,30,0,30,0,50,0,30,20,15,0,15,0,108,74,70,28,28,28,28,39,28,39,28,56,28,44,36,23,28,23,28
2012thru2016,050,05000US72133,"Santa Isabel Municipio, Puerto Rico",72,133,85,85,0,0,0,0,0,0,0,0,0,0,0,0,0,0,0,0,0,71,71,25,25,25,25,25,25,25,25,25,25,25,25,25,25,25,25,25
2012thru2016,050,05000US72135,"Toa Alta Municipio, Puerto Rico",72,135,260,130,130,15,15,0,0,0,0,0,0,45,0,0,45,70,25,0,40,120,76,85,24,24,31,31,31,31,31,31,54,31,31,54,62,30,31,53
2012thru2016,050,05000US72137,"Toa Baja Municipio, Puerto Rico",72,137,690,365,325,40,0,0,40,0,0,0,0,185,55,90,40,95,10,45,40,157,115,110,50,31,31,50,31,31,31,31,78,45,54,39,68,21,42,47
2012thru2016,050,05000US72139,"Trujillo Alto Municipio, Puerto Rico",72,139,570,380,190,0,0,0,0,0,0,0,0,80,0,40,40,105,0,65,45,153,133,98,31,31,31,31,31,31,31,31,71,31,50,51,73,31,52,52
2012thru2016,050,05000US72141,"Utuado Municipio, Puerto Rico",72,141,400,365,40,0,0,0,0,0,0,0,0,25,10,10,0,15,0,15,0,116,107,30,28,28,28,28,28,28,28,28,30,22,21,28,23,28,23,28
2012thru2016,050,05000US72143,"Vega Alta Municipio, Puerto Rico",72,143,180,130,50,0,0,0,0,10,10,0,0,10,0,10,0,25,15,0,10,77,69,44,28,28,28,28,21,21,28,28,20,28,20,28,27,22,28,21
2012thru2016,050,05000US72145,"Vega Baja Municipio, Puerto Rico",72,145,180,165,15,0,0,0,0,15,0,0,15,0,0,0,0,0,0,0,0,84,82,25,31,31,31,31,25,31,31,25,31,31,31,31,31,31,31,31
2012thru2016,050,05000US72147,"Vieques Municipio, Puerto Rico",72,147,190,0,190,0,0,0,0,10,0,10,0,40,30,0,10,140,60,65,15,101,19,101,19,19,19,19,22,19,22,19,51,47,19,20,74,53,56,29
2012thru2016,050,05000US72149,"Villalba Municipio, Puerto Rico",72,149,120,120,0,0,0,0,0,0,0,0,0,0,0,0,0,0,0,0,0,59,59,25,25,25,25,25,25,25,25,25,25,25,25,25,25,25,25,25
2012thru2016,050,05000US72151,"Yabucoa Municipio, Puerto Rico",72,151,60,40,20,0,0,0,0,4,0,0,4,15,0,15,0,0,0,0,0,46,38,24,28,28,28,28,10,28,28,10,23,28,23,28,28,28,28,28
2012thru2016,050,05000US72153,"Yauco Municipio, Puerto Rico",72,153,625,470,155,25,15,10,0,0,0,0,0,70,30,40,0,60,10,25,20,129,121,74,27,22,15,28,28,28,28,28,53,35,40,28,41,20,33,35
